actor	starring
1855	1854
1855	2641
1855	17158
1855	23431
1855	36530
21591	36725
15554	36717
222	36659
36149	36609
15976	36592
29430	36570
9516	36568
1147	36549
9522	36536
13109	36532
3460	36528
9345	36523
9536	36521
9525	36517
13810	36515
807	36513
6084	23464
7226	23462
2439	23445
1876	1875
1876	23440
13054	23438
337	1887
337	23436
23429	23428
17171	17170
17165	17164
7258	17162
6536	17160
2876	2875
2691	2690
822	2685
2683	2682
2665	2664
2659	2658
2656	2655
2653	2652
2647	2646
2644	2643
2639	2638
2639	2887
2127	2126
2127	2129
2109	2108
2091	2090
1920	1919
1899	1898
1896	1895
1893	1892
1864	1863
1852	1851
1849	1848
182	1846
1844	1843
