film	starring
36510	36513
36510	36515
36510	36517
36510	36521
36510	36523
36510	36528
36510	36530
36510	36532
36510	36536
36510	36549
36510	36568
36510	36570
36510	36592
36510	36609
36510	36659
36510	36717
36510	36725
23426	23428
23426	23431
23426	23436
23426	23438
23426	23440
23426	23445
23426	23462
23426	23464
17156	17158
17156	17160
17156	17162
17156	17164
17156	17170
2636	2638
2636	2641
2636	2643
2636	2646
2636	2652
2636	2655
2636	2658
2636	2664
2636	2682
2636	2685
2636	2690
2636	2875
2636	2887
1832	1843
1832	1846
1832	1848
1832	1851
1832	1854
1832	1863
1832	1875
1832	1887
1832	1892
1832	1895
1832	1898
1832	1919
1832	2090
1832	2108
1832	2126
1832	2129
