actor	starring
14700	14699
14700	14758
14700	29922
14700	40469
2439	41115
5147	41106
6536	41104
1893	41102
38099	40800
38099	41069
38099	41094
38099	41096
7720	41064
4275	41062
9091	40208
9091	41057
7652	41055
20790	39891
20790	41053
9057	41051
25076	41032
15921	40948
2571	40910
25522	39906
25522	40867
24944	40822
24897	40813
17654	40812
24761	40807
662	40805
21952	40791
3562	40790
3562	40793
4997	40789
6924	40788
813	40762
5702	40708
57	40613
23429	40580
33157	40578
10027	40529
6194	40521
8970	40283
8970	40494
24748	40490
831	40327
14314	40302
7419	40300
17447	40298
4991	40285
37798	40273
37798	40275
26389	40255
27516	40242
17171	40229
13054	40210
14323	40206
1648	40204
22064	40164
22064	40202
9525	40197
13810	40195
11397	40173
13025	40166
1651	40162
6493	40157
463	40145
4551	40134
6739	40120
3476	40108
12976	40107
5753	40041
5262	39997
1147	39971
12999	39922
676	39904
22819	39835
22819	39874
3919	39817
3872	39792
4657	39779
3899	39774
15554	39742
3815	39737
28760	39663
297	39648
15472	39636
7323	39624
