film	starring
40464	40469
29920	29922
14694	14699
14694	14758
41101	41102
41101	41104
41101	41106
41101	41115
41050	41051
41050	41053
41050	41055
41050	41057
41050	41062
41050	41064
41050	41069
41050	41094
41050	41096
40786	40788
40786	40789
40786	40790
40786	40791
40786	40793
40786	40800
40786	40805
40786	40807
40786	40812
40786	40813
40786	40822
40786	40867
40786	40910
40786	40948
40786	41032
40748	40762
40559	40578
40559	40580
40559	40613
40559	40708
40523	40529
40510	40521
40485	40490
40485	40494
40277	40283
40277	40285
40277	40298
40277	40300
40277	40302
40277	40327
40254	40255
40254	40273
40254	40275
40212	40229
40212	40242
40194	40195
40194	40197
40194	40202
40194	40204
40194	40206
40194	40208
40194	40210
40155	40157
40155	40162
40155	40164
40155	40166
40155	40173
40143	40145
40105	40107
40105	40108
40105	40120
40105	40134
39887	39891
39887	39904
39887	39906
39887	39922
39887	39971
39887	39997
39887	40041
39622	39624
39622	39636
39622	39648
39622	39663
39622	39737
39622	39742
39622	39774
39622	39779
39622	39792
39622	39817
39622	39835
39622	39874
39243	39273
39243	39275
39243	39287
39243	39312
39243	39329
39243	39330
39243	39340
39243	39351
39243	39352
39243	39356
39243	39361
39243	39373
39243	39385
39243	39389
39243	39400
39243	39429
