8	7
11	10
57	56
75	74
147	146
171	170
182	181
191	190
194	193
222	221
222	229
271	270
297	296
300	299
303	302
337	336
343	342
361	360
376	375
385	384
409	408
412	411
415	414
449	448
460	459
463	462
469	468
511	510
574	573
610	609
636	635
662	661
676	675
679	678
804	803
807	806
810	809
813	812
816	815
822	821
831	830
837	836
840	839
843	842
843	845
385	894
974	973
1006	1005
1038	1037
1041	1040
1044	1043
1047	1046
1059	1058
1110	1109
1113	1112
1116	1115
1119	1118
1122	1121
1125	1124
1041	1129
1132	1131
1141	1140
1147	1146
1167	1166
1170	1169
1188	1187
1191	1190
1212	1211
1227	1226
271	1337
1340	1339
1343	1342
1346	1345
1367	1366
1370	1369
1370	1372
1375	1374
1378	1377
1378	1380
1386	1385
1389	1388
1395	1394
1398	1397
1424	1423
1433	1432
1451	1450
1463	1462
1475	1474
1502	1501
1514	1513
1595	1594
1625	1624
1648	1647
1651	1650
171	1653
1659	1658
194	1669
1227	1701
1340	1748
1212	1756
1346	1761
1782	1781
1788	1787
1806	1805
1378	1811
1389	1819
1378	1821
1395	1823
1398	1825
1844	1843
182	1846
1849	1848
1852	1851
1855	1854
1864	1863
1876	1875
337	1887
1893	1892
1896	1895
1899	1898
1920	1919
2091	2090
2109	2108
2127	2126
2127	2129
2137	2136
469	2148
2169	2168
2172	2171
2175	2174
2178	2177
2137	2192
610	2286
2312	2311
2430	2429
2439	2438
2448	2447
2454	2453
2460	2459
2472	2471
2550	2549
2553	2552
2571	2570
2580	2579
2639	2638
1855	2641
2644	2643
2647	2646
2653	2652
2656	2655
2659	2658
2665	2664
2683	2682
822	2685
2691	2690
2876	2875
2639	2887
2895	2894
2898	2897
2901	2900
2904	2903
3162	3161
3168	3167
3185	3184
3212	3211
3311	3310
3347	3346
3363	3362
3460	3459
3462	3461
3464	3463
3476	3475
3479	3478
3485	3484
3464	3529
636	3534
3542	3541
3562	3561
3695	3694
3737	3736
3752	3751
3764	3763
3770	3769
3782	3781
3815	3814
3872	3871
3899	3898
3899	3901
3919	3918
2137	3964
1167	3966
3972	3971
3986	3985
2901	4021
1044	4044
4098	4097
3347	4124
4127	4126
4127	4146
4127	4148
4155	4154
4164	4163
4185	4184
4203	4202
4206	4205
4214	4213
4220	4219
4231	4230
4264	4263
4267	4266
4275	4274
4286	4285
3464	4319
4275	4321
4220	4326
2460	4328
4267	4396
4431	4430
4437	4436
3462	4444
4505	4504
4275	4527
4530	4529
3737	4532
3752	4542
4548	4547
4551	4550
3363	4564
1899	4578
3363	4606
3363	4608
3311	4635
4657	4656
3872	4661
4706	4705
4712	4711
831	4726
4732	4731
4551	4873
4938	4937
4953	4952
4988	4987
4991	4990
4997	4996
5000	4999
5098	5097
5121	5120
5130	5129
5147	5146
2439	5151
5000	5159
5165	5164
5177	5176
1648	5190
5193	5192
5196	5195
5199	5198
810	5204
5207	5206
5210	5209
4548	5215
5224	5223
5235	5234
5244	5243
5262	5261
5317	5316
5367	5366
1659	5383
5389	5388
5392	5391
5407	5406
5528	5527
5537	5536
5549	5548
5552	5551
5599	5598
415	5694
5702	5701
5711	5710
5753	5752
5771	5770
463	5868
5919	5918
4098	5936
5950	5949
5962	5961
5965	5964
5971	5970
5988	5987
303	5998
6048	6047
6051	6050
460	6053
6062	6061
6065	6064
1896	6067
6084	6083
6087	6086
6101	6100
6101	6109
6065	6111
6065	6113
6121	6120
1896	6123
6140	6139
6140	6142
6140	6144
6153	6152
6153	6155
6062	6157
6062	6159
6121	6161
6121	6163
6121	6165
6121	6167
6121	6169
6121	6171
6187	6186
6187	6189
6194	6193
6197	6196
4264	6199
636	6204
171	6209
6218	6217
6227	6226
3485	6238
6345	6344
3162	6407
6463	6462
3168	6474
6477	6476
6477	6479
6493	6492
6499	6498
6502	6501
3476	6530
6533	6532
6536	6535
6541	6540
147	6667
4548	6671
6680	6679
6698	6697
1475	6706
6739	6738
6829	6828
6846	6845
974	6857
2653	6918
6924	6923
6927	6926
7031	7030
7054	7053
7087	7086
7111	7110
6051	7121
7031	7123
11	7125
6502	7127
7133	7132
7136	7135
7171	7170
7180	7179
147	7218
7226	7225
7235	7234
7258	7257
7264	7263
4275	7266
2169	7268
7271	7270
337	7282
7317	7316
7323	7322
6048	7328
7334	7333
1375	7342
5210	7347
7352	7351
3460	7354
1849	7359
4286	7361
1893	7366
3695	7392
1844	7396
7399	7398
5098	7413
7419	7418
7434	7433
1463	7442
4098	7524
5962	7535
5962	7537
3347	7542
3347	7544
5988	7552
5988	7554
343	7566
7652	7651
7655	7654
4530	7663
7666	7665
7681	7680
1896	7686
5244	7711
7720	7719
5367	7813
3752	7842
7946	7945
6502	7948
7954	7953
1141	7956
7968	7967
7971	7970
1047	7979
7988	7987
8006	8005
8071	8070
2109	8073
8112	8111
5753	8116
8143	8142
1110	8148
1113	8150
4988	8164
8176	8175
1125	8193
8204	8203
8246	8245
8315	8314
8315	8317
8343	8342
8373	8372
8388	8387
8388	8390
8408	8407
4206	8424
6698	8465
8468	8467
1191	8470
8473	8472
8482	8481
8497	8496
8500	8499
8532	8531
8538	8537
8547	8546
8550	8549
8571	8570
8574	8573
8602	8601
8623	8622
271	8661
1788	8686
8692	8691
1367	8697
1370	8699
1806	8701
1378	8709
8712	8711
8721	8720
1386	8723
3972	8730
1864	8732
1041	8734
8204	8736
8739	8738
8742	8741
5407	8744
8747	8746
7971	8755
8758	8757
8767	8766
8770	8769
8773	8772
8779	8778
8788	8787
8794	8793
8797	8796
8800	8799
8803	8802
8809	8808
8812	8811
8815	8814
1132	8817
8825	8824
4231	8845
8865	8864
191	8867
8497	8890
1896	8897
3542	8955
8970	8969
4988	8975
5193	8999
7655	9001
4548	9006
7226	9008
9011	9010
460	9019
5121	9024
9027	9026
9030	9029
9027	9035
9030	9037
9030	9039
9030	9041
9044	9043
9030	9049
9057	9056
574	9065
9091	9090
5235	9093
9027	9135
9156	9155
5147	9158
9166	9165
2178	9171
9179	9178
9186	9185
9186	9188
9186	9190
9193	9192
9193	9195
2312	9209
9215	9214
9215	9217
9215	9219
9228	9227
9228	9230
9233	9232
9233	9235
9233	9237
9233	9290
4706	9294
9303	9302
1852	9305
1424	9310
6739	9312
9315	9314
9321	9320
9321	9329
9345	9344
9348	9347
3737	9379
4267	9381
6541	9383
9389	9388
4214	9391
6533	9396
3986	9424
5317	9482
9485	9484
1651	9513
9516	9515
9522	9521
9525	9524
9536	9535
9539	9538
3479	9547
9714	9713
9734	9733
9810	9809
8803	9821
4997	9823
9862	9861
9968	9967
9974	9973
4206	10007
10027	10026
10045	10044
10143	10142
10164	10163
10197	10196
10212	10211
10236	10235
2580	10238
10241	10240
10257	10256
10263	10262
7136	10267
10273	10272
5193	10278
7226	10280
1896	10290
10296	10295
7434	10298
5244	10300
10308	10307
10344	10343
2454	10365
10371	10370
2448	10379
10406	10405
5753	10438
4155	10451
10454	10453
10457	10456
7352	10459
10465	10464
10197	10512
2580	10520
4991	10536
5000	10553
10573	10572
10576	10575
10045	10584
409	10630
2127	10729
5196	10759
297	10769
10815	10814
10212	10926
5317	10948
10967	10966
10979	10978
10982	10981
2430	10993
8143	11076
5121	11109
4164	11183
10273	11185
11191	11190
5098	11193
9166	11198
2550	11205
1896	11207
5207	11209
5317	11303
10212	11308
11311	11310
11320	11319
11346	11345
2876	11368
8071	11387
11397	11396
1502	11427
469	11528
11531	11530
10982	11538
5177	11560
11686	11685
11689	11688
11697	11696
11700	11699
5950	11702
5965	11704
11710	11709
11710	11712
676	11751
11766	11765
1899	11773
10241	12188
463	12204
2169	12209
6924	12211
5199	12215
813	12220
5098	12222
12228	12227
9044	12232
9974	12275
10143	12298
3770	12330
9485	12416
6846	12418
2580	12422
11320	12424
5367	12474
7681	12482
12491	12490
1920	12499
12505	12504
463	12535
12606	12605
5771	12608
10344	12613
12639	12638
12642	12641
182	12650
9315	12661
12667	12666
10465	12705
1167	12724
1212	12780
12854	12853
8623	12859
8623	12861
1782	12866
271	12880
1340	12882
1346	12893
12491	12895
1375	12902
1378	12904
1378	12906
8712	12908
8721	12924
1389	12926
1398	12934
12940	12939
3479	12963
6087	12967
12973	12972
12976	12975
12981	12980
12999	12998
8	13001
13007	13006
13013	13012
13025	13024
8	13040
13054	13053
5392	13068
13071	13070
13109	13108
2472	13117
3464	13147
7235	13355
10457	13360
1038	13365
5262	13381
1502	13429
1514	13496
13505	13504
1625	13545
1625	13547
2644	13553
816	13561
12981	13563
2659	13565
13585	13584
13585	13622
3162	13673
4220	13721
837	13732
297	13746
194	13748
13751	13750
13798	13797
974	13803
2430	13807
13810	13809
13813	13812
13007	13815
7946	13820
13823	13822
9734	13830
13839	13838
13856	13855
11191	13858
5165	13874
1920	13887
13906	13905
13909	13908
5130	13917
12642	13930
1514	13985
1502	13992
14069	14068
14089	14088
14092	14091
810	14094
3562	14096
810	14137
4732	14141
14174	14173
14180	14179
14069	14197
14203	14202
14214	14213
1595	14216
4264	14234
7180	14290
14314	14313
14323	14322
7334	14325
2175	14345
14356	14355
14362	14361
14365	14364
75	14446
2898	14480
8767	14497
14542	14541
14581	14580
7180	14654
6477	14665
14700	14699
14700	14758
7655	14762
6533	14767
13007	14772
14775	14774
14781	14780
1167	14792
2553	14794
14805	14804
14808	14807
14811	14810
11191	14822
636	14826
14837	14836
6927	14839
6541	14841
6493	14856
14865	14864
57	14903
662	14954
7946	14988
15011	15010
15014	15013
15068	15067
15109	15108
5196	15134
5528	15136
15144	15143
4437	15239
10979	15241
837	15254
385	15271
10257	15275
15278	15277
1876	15283
10457	15285
9011	15287
10257	15309
10257	15311
4712	15313
15346	15345
5919	15348
3311	15352
6829	15359
15368	15367
11686	15376
11700	15383
8246	15391
2172	15401
804	15403
15427	15426
3752	15432
15444	15443
7054	15446
15472	15471
15554	15553
3815	15573
15617	15616
4657	15631
3872	15633
15660	15659
7111	15665
7334	15667
15675	15674
376	15680
662	15844
7087	15851
15921	15920
15966	15965
4938	15971
15976	15975
9348	15978
12228	15980
7399	15985
15988	15987
2550	15993
3782	15995
9044	16005
3764	16010
16061	16060
16081	16080
11686	16086
4098	16088
11700	16090
11710	16134
16306	16305
4530	16310
4530	16312
16315	16314
16318	16317
9179	16334
6153	16341
6121	16344
6499	16410
4548	16412
1227	16437
16488	16487
9974	16508
2553	16539
6194	16549
16555	16554
16558	16557
3460	16560
4712	16565
1006	16610
7352	16620
2460	16674
4185	16753
11346	16780
11320	16794
16824	16823
16838	16837
7681	16846
14781	16850
16855	16854
10573	16860
16875	16874
12606	17030
1855	17158
6536	17160
7258	17162
17165	17164
17171	17170
463	17204
7317	17215
17218	17217
11531	17248
17256	17255
17274	17273
17408	17407
15068	17418
6051	17420
15068	17425
17447	17446
5224	17458
14314	17600
17606	17605
17629	17628
2656	17648
17654	17653
17657	17656
3462	17662
816	17678
17681	17680
2659	17683
2904	17691
2895	17693
2644	17695
17719	17718
17724	17723
4437	17726
17744	17743
17747	17746
17759	17758
15144	17761
822	17783
6345	17788
75	17814
14865	17858
17888	17887
5207	17925
17928	17927
17931	17930
18168	18167
18168	18170
18168	18172
18175	18174
18175	18177
18175	18179
5165	18227
18314	18313
17931	18319
16555	18321
2653	18326
2653	18349
9516	18351
14362	18363
14362	18365
574	18378
18438	18437
14365	18457
18463	18462
18314	18474
4286	18506
5177	18508
11697	18518
5919	18594
16081	18598
15368	18606
11689	18614
11700	18619
5965	18636
5971	18638
18641	18640
5971	18663
7264	18667
10263	18669
1451	18719
10164	18766
4203	18797
8343	18799
18808	18807
10236	18812
8373	18823
8388	18840
18913	18912
3460	18953
18971	18970
19086	19085
10296	19094
19099	19098
3752	19101
57	19109
3168	19212
19223	19222
3764	19233
3752	19235
5199	19262
1038	19267
679	19269
18438	19274
2091	19386
19457	19456
19493	19492
8602	19510
8623	19539
8623	19541
10371	19548
1424	19550
182	19563
12642	19571
7264	19573
16318	19575
9044	19592
19617	19616
17629	19634
5244	19645
19493	19717
19779	19778
19493	19793
19796	19795
19799	19798
10344	19808
5711	19819
2876	19823
6502	19839
2898	19841
18314	19843
14865	19848
19851	19850
9179	19880
7171	19898
9968	19940
2647	19942
5549	19944
10045	20004
300	20145
14092	20147
8468	20149
2109	20174
20310	20309
20310	20312
20310	20314
19779	20342
20353	20352
20353	20355
20353	20357
20353	20359
19796	20370
19799	20383
20410	20409
20410	20412
300	20419
2439	20421
5235	20426
2472	20460
676	20464
10263	20466
2169	20470
16558	20474
3752	20482
11311	20567
11346	20578
20593	20592
20596	20595
20610	20609
13839	20612
7352	20625
14314	20686
4267	20688
2665	20696
14808	20771
6048	20776
15921	20787
20790	20789
5196	20818
19796	20915
6846	20949
10344	20954
20969	20968
9714	20981
20984	20983
10967	20986
8006	20988
20997	20996
412	20999
2571	21001
21004	21003
21009	21008
7988	21014
1044	21033
21100	21099
21103	21102
1119	21113
21127	21126
14089	21145
1844	21152
14811	21188
6101	21190
21193	21192
7720	21197
511	21202
16875	21240
11	21325
4706	21327
21330	21329
17654	21335
19796	21359
8071	21449
3460	21471
6499	21473
5207	21570
16838	21577
21591	21590
8794	21626
5771	21679
4155	21688
8473	21690
21693	21692
21718	21717
8547	21731
21734	21733
8500	21736
21741	21740
21744	21743
8538	21752
21755	21754
15346	21766
14581	21859
8574	21866
5711	21904
2898	21944
21952	21951
4267	21972
9714	21985
8747	21990
18438	21992
20984	22002
4264	22004
300	22009
19851	22042
2647	22050
22064	22063
8809	22066
22075	22074
3185	22077
6533	22079
191	22086
6927	22088
8497	22090
22093	22092
22075	22098
22075	22100
22075	22102
6927	22107
6927	22109
22093	22111
22093	22113
22093	22115
22093	22117
22093	22119
22093	22121
22152	22151
9228	22154
9228	22156
9228	22158
9228	22160
9228	22162
9228	22164
9228	22166
15427	22168
15427	22170
22173	22172
22173	22175
22173	22177
22173	22179
2647	22184
7264	22188
4164	22190
297	22200
9166	22204
7419	22227
1451	22255
16061	22356
16081	22420
15368	22425
11689	22430
5950	22435
11710	22457
5988	22459
469	22505
15988	22507
22531	22530
5121	22544
20790	22551
4548	22556
18971	22558
10454	22563
6084	22565
12505	22576
17606	22578
376	22580
22594	22593
22618	22617
6846	22652
449	22672
6227	22694
3185	22696
11397	22708
9389	22727
22784	22783
3872	22803
22819	22818
13013	22836
22839	22838
15014	22843
6087	22845
6218	22847
8482	22852
6087	22865
840	22867
22895	22894
4231	22897
22917	22916
8825	22976
8825	22978
18463	22983
22895	23009
22917	23013
15966	23036
4732	23038
23041	23040
14837	23054
23057	23056
5753	23167
5599	23184
8865	23214
13909	23245
8315	23256
5528	23288
3464	23290
23293	23292
13823	23298
22839	23406
9862	23416
4185	23418
23429	23428
1855	23431
337	23436
13054	23438
1876	23440
2439	23445
7226	23462
6084	23464
15278	23479
6536	23481
7655	23530
5147	23532
22784	23545
17165	23550
17165	23617
7655	23619
21591	23633
12642	23635
1849	23637
13013	23642
10164	23728
2571	23739
8408	23774
18913	23787
18808	23810
11311	23812
8373	23824
23840	23839
3986	23897
23927	23926
2580	23977
11320	23979
9539	23985
303	23990
8747	24019
22917	24021
807	24023
20969	24025
22895	24057
574	24097
12639	24107
23057	24114
9345	24116
361	24136
1059	24167
1047	24180
24213	24212
24216	24215
21004	24218
21009	24222
24236	24235
5599	24243
21100	24248
1125	24264
24275	24274
15675	24282
24305	24304
24455	24454
7968	24559
23429	24564
7334	24577
21127	24589
24595	24594
10143	24621
19223	24628
1852	24630
9389	24634
24639	24638
7136	24652
3986	24677
4214	24684
24717	24716
24720	24719
14089	24728
11	24732
813	24737
4991	24742
5537	24744
12976	24745
24748	24747
6924	24750
24761	24760
840	24763
13798	24845
5599	24847
24897	24896
409	24912
16838	24919
13813	24936
5549	24938
24944	24943
7652	24950
4548	24952
6698	24954
4938	24956
10982	24965
2639	24967
3782	24969
10296	24977
22152	24991
12228	25004
25076	25075
19779	25081
6087	25097
17408	25104
6197	25125
3464	25161
13856	25209
9862	25216
4953	25221
7681	25237
13505	25258
14180	25298
25319	25318
5210	25351
463	25366
14356	25368
12639	25423
10212	25439
18641	25466
18641	25468
11710	25475
11710	25477
11710	25479
13856	25499
8865	25508
25522	25521
9193	25530
25533	25532
9193	25547
25533	25557
25533	25559
25562	25561
25562	25564
25562	25566
25533	25568
25533	25570
7655	25574
13007	25576
2683	25585
9156	25587
415	25685
14089	25787
17654	25792
9011	25798
5196	25805
25817	25816
9321	25899
23927	25951
25969	25968
10308	25971
1424	25996
10465	25998
3695	26005
3972	26018
15617	26043
5177	26314
361	26345
7954	26351
24595	26356
3464	26359
25969	26361
17171	26363
7652	26368
26389	26388
17744	26394
3212	26407
9734	26414
22531	26479
24455	26500
6463	26526
16306	26540
6493	26594
14314	26596
23041	26600
6218	26605
26608	26607
831	26644
8482	26712
10257	26714
1849	26719
5121	26726
17274	26730
17606	26731
23293	26733
24305	26860
2647	26897
12981	26899
25817	26966
6739	27007
6463	27069
13585	27088
19099	27107
9968	27109
16315	27111
20790	27113
343	27117
807	27119
12491	27127
9011	27132
13906	27134
13906	27136
10573	27202
19617	27221
15472	27303
3919	27305
27308	27307
27332	27331
12973	27334
4264	27336
5389	27365
12981	27367
26608	27369
27385	27384
27402	27401
1044	27441
27453	27452
1119	27459
1122	27461
27332	27463
8176	27478
9348	27487
6187	27505
27516	27515
8	27521
7946	27523
27531	27530
5121	27533
20596	27535
17629	27537
3212	27539
13909	27664
15617	27666
3764	27668
19617	27687
9734	27752
27765	27764
16555	27767
5389	27769
7235	27771
9303	27785
17888	27787
5130	27792
1006	27797
837	27813
25076	27897
449	27915
4997	27924
8	27929
3562	27931
6924	27933
17654	27934
16824	27936
1170	27943
24897	28200
8473	28211
5552	28213
2172	28215
8468	28217
5121	28226
6698	28228
9156	28242
15988	28252
8547	28257
10576	28259
8602	28332
8574	28334
1343	28341
1346	28343
1788	28353
2580	28355
8692	28360
1367	28365
1370	28370
1370	28372
1378	28374
1386	28379
1395	28387
12940	28403
2644	28419
3462	28420
2656	28421
816	28423
17657	28424
21330	28426
12999	28428
14865	28430
17719	28431
807	28432
4431	28434
2904	28436
17724	28437
17681	28446
17747	28465
17759	28470
15144	28471
6345	28497
2659	28500
17759	28501
75	28557
5000	28591
7334	28593
15011	28600
7988	28642
19799	28714
20410	28719
5196	28729
7133	28733
28736	28735
13823	28738
17657	28740
28760	28759
1191	28775
6533	28777
2904	28779
1864	28787
12505	28789
15660	28801
840	28812
300	28816
5528	28818
21952	28820
6218	28822
2172	28824
13798	28826
24639	28828
11191	28832
13071	28848
5262	28850
22618	28858
10273	28882
13751	28908
14314	28957
20997	28974
28990	28989
182	28997
12667	28999
29004	29003
6051	29006
9315	29008
14781	29013
24213	29073
28990	29156
28990	29158
16555	29228
27332	29230
10454	29232
11697	29250
4275	29263
9091	29270
21127	29275
6829	29291
22618	29308
385	29316
13751	29323
14581	29376
974	29404
20969	29415
4267	29425
21693	29427
29430	29429
16838	29443
10967	29478
12642	29489
29430	29491
17218	29493
16306	29636
4530	29641
14805	29643
24639	29645
12854	29647
3212	29658
5711	29666
5599	29668
18438	29684
14542	29812
14700	29922
1463	29927
7258	29932
9044	29934
27765	29966
7031	29971
2691	29973
194	29991
831	30029
26389	30062
6227	30064
9193	30066
21952	30090
13505	30098
14069	30152
25319	30181
25319	30183
30203	30202
14174	30214
30234	30233
14203	30275
14214	30289
30339	30338
21718	30343
21741	30348
10576	30377
8547	30382
1433	30384
21744	30394
8538	30399
15346	30401
21755	30430
8571	30450
30456	30455
10406	30464
21734	30527
9522	30563
2898	30568
23041	30570
17928	30576
9303	30613
1475	30618
5147	30625
24213	30680
1648	30720
2898	30725
21193	30732
1188	30739
16855	30751
9810	30798
17218	30810
13025	30814
3972	30833
8204	30834
8739	30835
8742	30836
5407	30837
1041	30838
8747	30839
8803	30840
8815	30841
1864	30842
8812	30843
1132	30844
7317	30845
7271	30847
2653	30849
17724	30851
8797	30858
8773	30859
8809	30860
8779	30861
8770	30872
8788	30879
8800	30892
2647	30904
10371	30923
297	30925
15444	30936
15444	30976
28736	31079
17654	31081
18971	31085
27765	31089
22531	31097
27765	31111
19099	31118
2472	31120
7264	31125
29004	31133
31136	31135
2448	31143
4953	31151
1451	31218
610	31257
16318	31281
23057	31292
16488	31426
10197	31485
9485	31487
10241	31495
11320	31497
5407	31546
21004	31554
9734	31571
6739	31573
10979	31579
3485	31581
17719	31583
7133	31588
17447	31593
30339	31618
5407	31620
18463	31745
300	31763
6051	31770
2571	31772
7954	31789
8473	31795
8473	31802
2647	31804
23927	31820
21718	31832
21734	31838
8532	31845
8550	31847
8538	31852
21755	31854
8571	31856
30456	31862
10406	31916
12606	31921
14581	31929
8574	31939
4267	32022
4991	32031
21330	32033
32073	32072
13071	32075
21193	32080
2901	32088
18971	32166
7323	32187
14808	32189
15278	32191
2312	32290
12976	32301
27765	32307
5392	32309
14805	32311
24720	32313
2683	32329
24944	32338
32073	32472
5702	32504
2178	32540
7087	32591
11191	32616
27531	32618
22784	32629
12228	32631
2454	32635
16315	32637
9166	32639
19223	32641
14811	32645
7666	32649
7111	32651
297	32661
3770	32666
5199	32746
10371	32753
13839	32755
9539	32768
17888	32783
27402	32794
27385	32802
9179	32819
1044	32872
19457	32876
32885	32884
21100	32895
28760	32902
23041	32904
20610	32906
7399	32949
10308	32951
4732	32953
9525	32993
22839	32995
24275	32999
463	33001
33008	33007
12667	33015
4264	33025
23041	33030
21330	33032
5552	33132
33157	33156
5098	33191
3764	33198
6927	33205
7681	33207
15660	33212
31136	33214
14837	33313
27332	33379
804	33381
32073	33385
2895	33389
7111	33393
27308	33435
12854	33461
1893	33543
8758	33545
24595	33645
14323	33649
24275	33651
16824	33656
16558	33658
20984	33669
7968	33679
17654	33681
9539	33723
4997	33764
1648	33765
1648	33767
24717	33769
12976	33773
5537	33775
24720	33779
6924	33780
17928	33781
5549	33783
24897	33786
26608	33800
24455	33813
24761	33827
15675	33834
16488	33853
12976	33932
24748	33959
3460	33961
33008	33963
13109	33969
12854	33971
22594	33976
32885	34034
21103	34042
8176	34083
1047	34186
1059	34199
15976	34242
10967	34244
4203	34257
4206	34259
9057	34266
21693	34268
3542	34272
28760	34274
15014	34276
20997	34284
24216	34288
24216	34322
4505	34324
1116	34329
1116	34331
8006	34336
15988	34367
21009	34384
34390	34389
24236	34392
34398	34397
34413	34412
1041	34423
679	34428
17931	34432
20610	34450
4706	34457
7666	34462
1059	34464
24236	34484
1122	34697
21693	34704
23429	34717
14775	34736
14542	34882
7954	34995
4991	35005
7352	35010
810	35079
5199	35081
29004	35088
17274	35092
10371	35103
7434	35120
19457	35188
1782	35232
1343	35249
1346	35254
1346	35256
11320	35268
8692	35278
27516	35280
1370	35282
415	35284
1806	35300
8712	35314
8721	35329
9810	35341
27531	35345
13839	35347
5224	35349
21952	35353
2691	35378
14365	35398
27402	35406
7988	35411
27385	35415
8112	35440
35496	35495
35496	35498
4505	35500
27453	35507
34390	35526
1110	35546
1110	35548
1113	35550
1113	35552
34398	35569
1116	35577
21100	35579
21103	35593
19086	35605
17747	35607
4431	35609
17681	35615
33157	35622
2175	35632
2175	35639
16855	35643
23293	35657
7655	35659
7323	35661
23041	35669
6680	35671
511	35676
412	35722
16875	35726
11766	35805
3752	35812
8473	35912
5207	35914
6680	35916
8497	35924
21718	35941
8500	35958
21741	35963
21744	35965
8547	35974
21755	35987
30456	35995
8571	35997
8532	36008
8550	36010
10406	36059
1346	36097
8712	36105
12940	36128
12940	36130
12973	36142
33008	36144
36149	36148
14837	36187
27308	36198
27308	36200
36149	36261
36310	36309
36310	36312
15109	36319
24305	36391
13813	36409
21193	36411
14865	36422
25817	36426
807	36513
13810	36515
9525	36517
9536	36521
9345	36523
3460	36528
1855	36530
13109	36532
9522	36536
1147	36549
9516	36568
29430	36570
15976	36592
36149	36609
222	36659
15554	36717
21591	36725
1188	36782
4530	36784
16318	36789
22152	36796
16061	36798
6680	36806
5196	37034
4997	37038
14092	37040
1141	37042
5235	37044
30339	37048
10815	37050
9714	37052
8739	37073
3562	37075
17657	37077
12642	37115
10815	37124
17256	37132
412	37164
35496	37189
21009	37197
24236	37214
8143	37218
10027	37261
11531	37266
4286	37274
1433	37288
1514	37296
14180	37371
37398	37397
25319	37417
30203	37463
22594	37491
679	37493
20593	37652
7054	37687
15109	37740
14542	37751
24717	37777
24275	37779
4988	37784
1147	37786
17256	37790
37798	37797
14356	37809
1514	37825
14174	37827
14180	37869
30234	37871
30234	37873
14069	37893
14203	37904
14203	37906
14214	37914
37398	37921
37398	37923
37926	37925
37926	37928
37926	37930
1595	37948
25319	37996
30203	38027
4267	38030
636	38032
15966	38036
4505	38046
8006	38050
34413	38068
34413	38070
1110	38086
38099	38098
27453	38107
8112	38109
1113	38111
1113	38113
21009	38129
21100	38134
7988	38144
34398	38148
1119	38153
34390	38189
1122	38200
24236	38220
24236	38222
38099	38227
38099	38229
8803	38235
6536	38237
23057	38239
662	38243
17408	38371
3460	38383
17744	38385
7317	38390
12642	38565
1849	38567
7171	38569
24595	38571
14837	38584
2091	38625
8408	38645
10164	38677
4203	38691
8343	38696
18808	38710
10236	38731
8373	38753
23840	38766
23840	38768
18913	38813
31136	38836
7271	38843
1659	38845
14775	38854
9536	38856
1170	38861
9303	38883
7054	38885
28760	38890
9539	38892
20596	38908
19851	38925
20593	39043
4712	39110
6194	39117
8482	39128
11766	39142
3972	39244
5407	39245
1041	39246
8739	39247
8204	39248
8815	39249
8742	39250
1864	39251
8803	39252
7971	39258
8812	39260
8747	39261
1132	39262
17724	39263
2653	39264
7317	39266
7271	39267
36310	39273
8797	39275
8794	39287
32885	39312
8767	39329
16838	39330
8770	39340
8800	39351
25969	39352
8246	39356
8809	39361
8758	39373
8779	39385
843	39389
8788	39400
8773	39429
2665	39448
28736	39460
8	39471
15011	39473
6197	39475
19086	39494
7271	39499
7323	39624
15472	39636
297	39648
28760	39663
3815	39737
15554	39742
3899	39774
4657	39779
3872	39792
3919	39817
22819	39835
22819	39874
20790	39891
676	39904
25522	39906
12999	39922
1147	39971
5262	39997
5753	40041
12976	40107
3476	40108
6739	40120
4551	40134
463	40145
6493	40157
1651	40162
22064	40164
13025	40166
11397	40173
13810	40195
9525	40197
22064	40202
1648	40204
14323	40206
9091	40208
13054	40210
17171	40229
27516	40242
26389	40255
37798	40273
37798	40275
8970	40283
4991	40285
17447	40298
7419	40300
14314	40302
831	40327
14700	40469
24748	40490
8970	40494
6194	40521
10027	40529
33157	40578
23429	40580
57	40613
5702	40708
813	40762
6924	40788
4997	40789
3562	40790
21952	40791
3562	40793
38099	40800
662	40805
24761	40807
17654	40812
24897	40813
24944	40822
25522	40867
2571	40910
15921	40948
25076	41032
9057	41051
20790	41053
7652	41055
9091	41057
4275	41062
7720	41064
38099	41069
38099	41094
38099	41096
1849	41099
1893	41102
6536	41104
5147	41106
2439	41115
