10	10
56	56
74	74
146	146
170	170
181	181
190	190
193	193
221	221
229	229
270	270
296	296
299	299
302	302
336	336
342	342
360	360
375	375
384	384
408	408
411	411
414	414
448	448
459	459
462	462
468	468
510	510
573	573
609	609
635	635
661	661
675	675
678	678
803	803
806	806
809	809
812	812
815	815
821	821
830	830
836	836
839	839
842	842
845	845
894	894
973	973
1005	1005
1037	1037
1040	1040
1043	1043
1046	1046
1058	1058
1109	1109
1112	1112
1115	1115
1118	1118
1121	1121
1124	1124
1129	1129
1131	1131
1140	1140
1146	1146
1166	1166
1169	1169
1187	1187
1190	1190
1211	1211
1226	1226
1337	1337
1339	1339
1342	1342
1345	1345
1366	1366
1369	1369
1372	1372
1374	1374
1377	1377
1380	1380
1385	1385
1388	1388
1394	1394
1397	1397
1423	1423
1432	1432
1450	1450
1462	1462
1474	1474
1501	1501
1513	1513
1594	1594
1624	1624
1647	1647
1650	1650
1653	1653
1658	1658
1669	1669
1701	1701
1748	1748
1756	1756
1761	1761
1781	1781
1787	1787
1805	1805
1811	1811
1819	1819
1821	1821
1823	1823
1825	1825
1843	1843
1846	1846
1848	1848
1851	1851
1854	1854
1863	1863
1875	1875
1887	1887
1892	1892
1895	1895
1898	1898
1919	1919
2090	2090
2108	2108
2126	2126
2129	2129
2136	2136
2148	2148
2168	2168
2171	2171
2174	2174
2177	2177
2192	2192
2286	2286
2311	2311
2429	2429
2438	2438
2447	2447
2453	2453
2459	2459
2471	2471
2549	2549
2552	2552
2570	2570
2579	2579
2638	2638
2641	2641
2643	2643
2646	2646
2652	2652
2655	2655
2658	2658
2664	2664
2682	2682
2685	2685
2690	2690
2875	2875
2887	2887
2894	2894
2897	2897
2900	2900
2903	2903
3161	3161
3167	3167
3184	3184
3211	3211
3310	3310
3346	3346
3362	3362
3459	3459
3461	3461
3463	3463
3475	3475
3478	3478
3484	3484
3529	3529
3534	3534
3541	3541
3561	3561
3694	3694
3736	3736
3751	3751
3763	3763
3769	3769
3781	3781
3814	3814
3871	3871
3898	3898
3901	3901
3918	3918
3964	3964
3966	3966
3971	3971
3985	3985
4021	4021
4044	4044
4097	4097
4124	4124
4126	4126
4146	4146
4148	4148
4154	4154
4163	4163
4184	4184
4202	4202
4205	4205
4213	4213
4219	4219
4230	4230
4263	4263
4266	4266
4274	4274
4285	4285
4319	4319
4321	4321
4326	4326
4328	4328
4396	4396
4430	4430
4436	4436
4444	4444
4504	4504
4527	4527
4529	4529
4532	4532
4542	4542
4547	4547
4550	4550
4564	4564
4578	4578
4606	4606
4608	4608
4635	4635
4656	4656
4661	4661
4705	4705
4711	4711
4726	4726
4731	4731
4873	4873
4937	4937
4952	4952
4987	4987
4990	4990
4996	4996
4999	4999
5097	5097
5120	5120
5129	5129
5146	5146
5151	5151
5159	5159
5164	5164
5176	5176
5190	5190
5192	5192
5195	5195
5198	5198
5204	5204
5206	5206
5209	5209
5215	5215
5223	5223
5234	5234
5243	5243
5261	5261
5316	5316
5366	5366
5383	5383
5388	5388
5391	5391
5406	5406
5527	5527
5536	5536
5548	5548
5551	5551
5598	5598
5694	5694
5701	5701
5710	5710
5752	5752
5770	5770
5868	5868
5918	5918
5936	5936
5949	5949
5961	5961
5964	5964
5970	5970
5987	5987
5998	5998
6047	6047
6050	6050
6053	6053
6061	6061
6064	6064
6067	6067
6083	6083
6086	6086
6100	6100
6109	6109
6111	6111
6113	6113
6120	6120
6123	6123
6139	6139
6142	6142
6144	6144
6152	6152
6155	6155
6157	6157
6159	6159
6161	6161
6163	6163
6165	6165
6167	6167
6169	6169
6171	6171
6186	6186
6189	6189
6193	6193
6196	6196
6199	6199
6204	6204
6209	6209
6217	6217
6226	6226
6238	6238
6344	6344
6407	6407
6462	6462
6474	6474
6476	6476
6479	6479
6492	6492
6498	6498
6501	6501
6530	6530
6532	6532
6535	6535
6540	6540
6667	6667
6671	6671
6679	6679
6697	6697
6706	6706
6738	6738
6828	6828
6845	6845
6857	6857
6918	6918
6923	6923
6926	6926
7030	7030
7053	7053
7086	7086
7110	7110
7121	7121
7123	7123
7125	7125
7127	7127
7132	7132
7135	7135
7170	7170
7179	7179
7218	7218
7225	7225
7234	7234
7257	7257
7263	7263
7266	7266
7268	7268
7270	7270
7282	7282
7316	7316
7322	7322
7328	7328
7333	7333
7342	7342
7347	7347
7351	7351
7354	7354
7359	7359
7361	7361
7366	7366
7392	7392
7396	7396
7398	7398
7413	7413
7418	7418
7433	7433
7442	7442
7524	7524
7535	7535
7537	7537
7542	7542
7544	7544
7552	7552
7554	7554
7566	7566
7651	7651
7654	7654
7663	7663
7665	7665
7680	7680
7686	7686
7711	7711
7719	7719
7813	7813
7842	7842
7945	7945
7948	7948
7953	7953
7956	7956
7967	7967
7970	7970
7979	7979
7987	7987
8005	8005
8070	8070
8073	8073
8111	8111
8116	8116
8142	8142
8148	8148
8150	8150
8164	8164
8175	8175
8193	8193
8203	8203
8245	8245
8314	8314
8317	8317
8342	8342
8372	8372
8387	8387
8390	8390
8407	8407
8424	8424
8465	8465
8467	8467
8470	8470
8472	8472
8481	8481
8496	8496
8499	8499
8531	8531
8537	8537
8546	8546
8549	8549
8570	8570
8573	8573
8601	8601
8622	8622
8661	8661
8686	8686
8691	8691
8697	8697
8699	8699
8701	8701
8709	8709
8711	8711
8720	8720
8723	8723
8730	8730
8732	8732
8734	8734
8736	8736
8738	8738
8741	8741
8744	8744
8746	8746
8755	8755
8757	8757
8766	8766
8769	8769
8772	8772
8778	8778
8787	8787
8793	8793
8796	8796
8799	8799
8802	8802
8808	8808
8811	8811
8814	8814
8817	8817
8824	8824
8845	8845
8864	8864
8867	8867
8890	8890
8897	8897
8955	8955
8969	8969
8975	8975
8999	8999
9001	9001
9006	9006
9008	9008
9010	9010
9019	9019
9024	9024
9026	9026
9029	9029
9035	9035
9037	9037
9039	9039
9041	9041
9043	9043
9049	9049
9056	9056
9065	9065
9090	9090
9093	9093
9135	9135
9155	9155
9158	9158
9165	9165
9171	9171
9178	9178
9185	9185
9188	9188
9190	9190
9192	9192
9195	9195
9209	9209
9214	9214
9217	9217
9219	9219
9227	9227
9230	9230
9232	9232
9235	9235
9237	9237
9290	9290
9294	9294
9302	9302
9305	9305
9310	9310
9312	9312
9314	9314
9320	9320
9329	9329
9344	9344
9347	9347
9379	9379
9381	9381
9383	9383
9388	9388
9391	9391
9396	9396
9424	9424
9482	9482
9484	9484
9513	9513
9515	9515
9521	9521
9524	9524
9535	9535
9538	9538
9547	9547
9713	9713
9733	9733
9809	9809
9821	9821
9823	9823
9861	9861
9967	9967
9973	9973
10007	10007
10026	10026
10044	10044
10142	10142
10163	10163
10196	10196
10211	10211
10235	10235
10238	10238
10240	10240
10256	10256
10262	10262
10267	10267
10272	10272
10278	10278
10280	10280
10290	10290
10295	10295
10298	10298
10300	10300
10307	10307
10343	10343
10365	10365
10370	10370
10379	10379
10405	10405
10438	10438
10451	10451
10453	10453
10456	10456
10459	10459
10464	10464
10512	10512
10520	10520
10536	10536
10553	10553
10572	10572
10575	10575
10584	10584
10630	10630
10729	10729
10759	10759
10769	10769
10814	10814
10926	10926
10948	10948
10966	10966
10978	10978
10981	10981
10993	10993
11076	11076
11109	11109
11183	11183
11185	11185
11190	11190
11193	11193
11198	11198
11205	11205
11207	11207
11209	11209
11303	11303
11308	11308
11310	11310
11319	11319
11345	11345
11368	11368
11387	11387
11396	11396
11427	11427
11528	11528
11530	11530
11538	11538
11560	11560
11685	11685
11688	11688
11696	11696
11699	11699
11702	11702
11704	11704
11709	11709
11712	11712
11751	11751
11765	11765
11773	11773
12188	12188
12204	12204
12209	12209
12211	12211
12215	12215
12220	12220
12222	12222
12227	12227
12232	12232
12275	12275
12298	12298
12330	12330
12416	12416
12418	12418
12422	12422
12424	12424
12474	12474
12482	12482
12490	12490
12499	12499
12504	12504
12535	12535
12605	12605
12608	12608
12613	12613
12638	12638
12641	12641
12650	12650
12661	12661
12666	12666
12705	12705
12724	12724
12780	12780
12853	12853
12859	12859
12861	12861
12866	12866
12880	12880
12882	12882
12893	12893
12895	12895
12902	12902
12904	12904
12906	12906
12908	12908
12924	12924
12926	12926
12934	12934
12939	12939
12963	12963
12967	12967
12972	12972
12975	12975
12980	12980
12998	12998
13001	13001
13006	13006
13012	13012
13024	13024
13040	13040
13053	13053
13068	13068
13070	13070
13108	13108
13117	13117
13147	13147
13355	13355
13360	13360
13365	13365
13381	13381
13429	13429
13496	13496
13504	13504
13545	13545
13547	13547
13553	13553
13561	13561
13563	13563
13565	13565
13584	13584
13622	13622
13673	13673
13721	13721
13732	13732
13746	13746
13748	13748
13750	13750
13797	13797
13803	13803
13807	13807
13809	13809
13812	13812
13815	13815
13820	13820
13822	13822
13830	13830
13838	13838
13855	13855
13858	13858
13874	13874
13887	13887
13905	13905
13908	13908
13917	13917
13930	13930
13985	13985
13992	13992
14068	14068
14088	14088
14091	14091
14094	14094
14096	14096
14137	14137
14141	14141
14173	14173
14179	14179
14197	14197
14202	14202
14213	14213
14216	14216
14234	14234
14290	14290
14313	14313
14322	14322
14325	14325
14345	14345
14355	14355
14361	14361
14364	14364
14446	14446
14480	14480
14497	14497
14541	14541
14580	14580
14654	14654
14665	14665
14699	14699
14758	14758
14762	14762
14767	14767
14772	14772
14774	14774
14780	14780
14792	14792
14794	14794
14804	14804
14807	14807
14810	14810
14822	14822
14826	14826
14836	14836
14839	14839
14841	14841
14856	14856
14864	14864
14903	14903
14954	14954
14988	14988
15010	15010
15013	15013
15067	15067
15108	15108
15134	15134
15136	15136
15143	15143
15239	15239
15241	15241
15254	15254
15271	15271
15275	15275
15277	15277
15283	15283
15285	15285
15287	15287
15309	15309
15311	15311
15313	15313
15345	15345
15348	15348
15352	15352
15359	15359
15367	15367
15376	15376
15383	15383
15391	15391
15401	15401
15403	15403
15426	15426
15432	15432
15443	15443
15446	15446
15471	15471
15553	15553
15573	15573
15616	15616
15631	15631
15633	15633
15659	15659
15665	15665
15667	15667
15674	15674
15680	15680
15844	15844
15851	15851
15920	15920
15965	15965
15971	15971
15975	15975
15978	15978
15980	15980
15985	15985
15987	15987
15993	15993
15995	15995
16005	16005
16010	16010
16060	16060
16080	16080
16086	16086
16088	16088
16090	16090
16134	16134
16305	16305
16310	16310
16312	16312
16314	16314
16317	16317
16334	16334
16341	16341
16344	16344
16410	16410
16412	16412
16437	16437
16487	16487
16508	16508
16539	16539
16549	16549
16554	16554
16557	16557
16560	16560
16565	16565
16610	16610
16620	16620
16674	16674
16753	16753
16780	16780
16794	16794
16823	16823
16837	16837
16846	16846
16850	16850
16854	16854
16860	16860
16874	16874
17030	17030
17158	17158
17160	17160
17162	17162
17164	17164
17170	17170
17204	17204
17215	17215
17217	17217
17248	17248
17255	17255
17273	17273
17407	17407
17418	17418
17420	17420
17425	17425
17446	17446
17458	17458
17600	17600
17605	17605
17628	17628
17648	17648
17653	17653
17656	17656
17662	17662
17678	17678
17680	17680
17683	17683
17691	17691
17693	17693
17695	17695
17718	17718
17723	17723
17726	17726
17743	17743
17746	17746
17758	17758
17761	17761
17783	17783
17788	17788
17814	17814
17858	17858
17887	17887
17925	17925
17927	17927
17930	17930
18167	18167
18170	18170
18172	18172
18174	18174
18177	18177
18179	18179
18227	18227
18313	18313
18319	18319
18321	18321
18326	18326
18349	18349
18351	18351
18363	18363
18365	18365
18378	18378
18437	18437
18457	18457
18462	18462
18474	18474
18506	18506
18508	18508
18518	18518
18594	18594
18598	18598
18606	18606
18614	18614
18619	18619
18636	18636
18638	18638
18640	18640
18663	18663
18667	18667
18669	18669
18719	18719
18766	18766
18797	18797
18799	18799
18807	18807
18812	18812
18823	18823
18840	18840
18912	18912
18953	18953
18970	18970
19085	19085
19094	19094
19098	19098
19101	19101
19109	19109
19212	19212
19222	19222
19233	19233
19235	19235
19262	19262
19267	19267
19269	19269
19274	19274
19386	19386
19456	19456
19492	19492
19510	19510
19539	19539
19541	19541
19548	19548
19550	19550
19563	19563
19571	19571
19573	19573
19575	19575
19592	19592
19616	19616
19634	19634
19645	19645
19717	19717
19778	19778
19793	19793
19795	19795
19798	19798
19808	19808
19819	19819
19823	19823
19839	19839
19841	19841
19843	19843
19848	19848
19850	19850
19880	19880
19898	19898
19940	19940
19942	19942
19944	19944
20004	20004
20145	20145
20147	20147
20149	20149
20174	20174
20309	20309
20312	20312
20314	20314
20342	20342
20352	20352
20355	20355
20357	20357
20359	20359
20370	20370
20383	20383
20409	20409
20412	20412
20419	20419
20421	20421
20426	20426
20460	20460
20464	20464
20466	20466
20470	20470
20474	20474
20482	20482
20567	20567
20578	20578
20592	20592
20595	20595
20609	20609
20612	20612
20625	20625
20686	20686
20688	20688
20696	20696
20771	20771
20776	20776
20787	20787
20789	20789
20818	20818
20915	20915
20949	20949
20954	20954
20968	20968
20981	20981
20983	20983
20986	20986
20988	20988
20996	20996
20999	20999
21001	21001
21003	21003
21008	21008
21014	21014
21033	21033
21099	21099
21102	21102
21113	21113
21126	21126
21145	21145
21152	21152
21188	21188
21190	21190
21192	21192
21197	21197
21202	21202
21240	21240
21325	21325
21327	21327
21329	21329
21335	21335
21359	21359
21449	21449
21471	21471
21473	21473
21570	21570
21577	21577
21590	21590
21626	21626
21679	21679
21688	21688
21690	21690
21692	21692
21717	21717
21731	21731
21733	21733
21736	21736
21740	21740
21743	21743
21752	21752
21754	21754
21766	21766
21859	21859
21866	21866
21904	21904
21944	21944
21951	21951
21972	21972
21985	21985
21990	21990
21992	21992
22002	22002
22004	22004
22009	22009
22042	22042
22050	22050
22063	22063
22066	22066
22074	22074
22077	22077
22079	22079
22086	22086
22088	22088
22090	22090
22092	22092
22098	22098
22100	22100
22102	22102
22107	22107
22109	22109
22111	22111
22113	22113
22115	22115
22117	22117
22119	22119
22121	22121
22151	22151
22154	22154
22156	22156
22158	22158
22160	22160
22162	22162
22164	22164
22166	22166
22168	22168
22170	22170
22172	22172
22175	22175
22177	22177
22179	22179
22184	22184
22188	22188
22190	22190
22200	22200
22204	22204
22227	22227
22255	22255
22356	22356
22420	22420
22425	22425
22430	22430
22435	22435
22457	22457
22459	22459
22505	22505
22507	22507
22530	22530
22544	22544
22551	22551
22556	22556
22558	22558
22563	22563
22565	22565
22576	22576
22578	22578
22580	22580
22593	22593
22617	22617
22652	22652
22672	22672
22694	22694
22696	22696
22708	22708
22727	22727
22783	22783
22803	22803
22818	22818
22836	22836
22838	22838
22843	22843
22845	22845
22847	22847
22852	22852
22865	22865
22867	22867
22894	22894
22897	22897
22916	22916
22976	22976
22978	22978
22983	22983
23009	23009
23013	23013
23036	23036
23038	23038
23040	23040
23054	23054
23056	23056
23167	23167
23184	23184
23214	23214
23245	23245
23256	23256
23288	23288
23290	23290
23292	23292
23298	23298
23406	23406
23416	23416
23418	23418
23428	23428
23431	23431
23436	23436
23438	23438
23440	23440
23445	23445
23462	23462
23464	23464
23479	23479
23481	23481
23530	23530
23532	23532
23545	23545
23550	23550
23617	23617
23619	23619
23633	23633
23635	23635
23637	23637
23642	23642
23728	23728
23739	23739
23774	23774
23787	23787
23810	23810
23812	23812
23824	23824
23839	23839
23897	23897
23926	23926
23977	23977
23979	23979
23985	23985
23990	23990
24019	24019
24021	24021
24023	24023
24025	24025
24057	24057
24097	24097
24107	24107
24114	24114
24116	24116
24136	24136
24167	24167
24180	24180
24212	24212
24215	24215
24218	24218
24222	24222
24235	24235
24243	24243
24248	24248
24264	24264
24274	24274
24282	24282
24304	24304
24454	24454
24559	24559
24564	24564
24577	24577
24589	24589
24594	24594
24621	24621
24628	24628
24630	24630
24634	24634
24638	24638
24652	24652
24677	24677
24684	24684
24716	24716
24719	24719
24728	24728
24732	24732
24737	24737
24742	24742
24744	24744
24745	24745
24747	24747
24750	24750
24760	24760
24763	24763
24845	24845
24847	24847
24896	24896
24912	24912
24919	24919
24936	24936
24938	24938
24943	24943
24950	24950
24952	24952
24954	24954
24956	24956
24965	24965
24967	24967
24969	24969
24977	24977
24991	24991
25004	25004
25075	25075
25081	25081
25097	25097
25104	25104
25125	25125
25161	25161
25209	25209
25216	25216
25221	25221
25237	25237
25258	25258
25298	25298
25318	25318
25351	25351
25366	25366
25368	25368
25423	25423
25439	25439
25466	25466
25468	25468
25475	25475
25477	25477
25479	25479
25499	25499
25508	25508
25521	25521
25530	25530
25532	25532
25547	25547
25557	25557
25559	25559
25561	25561
25564	25564
25566	25566
25568	25568
25570	25570
25574	25574
25576	25576
25585	25585
25587	25587
25685	25685
25787	25787
25792	25792
25798	25798
25805	25805
25816	25816
25899	25899
25951	25951
25968	25968
25971	25971
25996	25996
25998	25998
26005	26005
26018	26018
26043	26043
26314	26314
26345	26345
26351	26351
26356	26356
26359	26359
26361	26361
26363	26363
26368	26368
26388	26388
26394	26394
26407	26407
26414	26414
26479	26479
26500	26500
26526	26526
26540	26540
26594	26594
26596	26596
26600	26600
26605	26605
26607	26607
26644	26644
26712	26712
26714	26714
26719	26719
26726	26726
26730	26730
26731	26731
26733	26733
26860	26860
26897	26897
26899	26899
26966	26966
27007	27007
27069	27069
27088	27088
27107	27107
27109	27109
27111	27111
27113	27113
27117	27117
27119	27119
27127	27127
27132	27132
27134	27134
27136	27136
27202	27202
27221	27221
27303	27303
27305	27305
27307	27307
27331	27331
27334	27334
27336	27336
27365	27365
27367	27367
27369	27369
27384	27384
27401	27401
27441	27441
27452	27452
27459	27459
27461	27461
27463	27463
27478	27478
27487	27487
27505	27505
27515	27515
27521	27521
27523	27523
27530	27530
27533	27533
27535	27535
27537	27537
27539	27539
27664	27664
27666	27666
27668	27668
27687	27687
27752	27752
27764	27764
27767	27767
27769	27769
27771	27771
27785	27785
27787	27787
27792	27792
27797	27797
27813	27813
27897	27897
27915	27915
27924	27924
27929	27929
27931	27931
27933	27933
27934	27934
27936	27936
27943	27943
28200	28200
28211	28211
28213	28213
28215	28215
28217	28217
28226	28226
28228	28228
28242	28242
28252	28252
28257	28257
28259	28259
28332	28332
28334	28334
28341	28341
28343	28343
28353	28353
28355	28355
28360	28360
28365	28365
28370	28370
28372	28372
28374	28374
28379	28379
28387	28387
28403	28403
28419	28419
28420	28420
28421	28421
28423	28423
28424	28424
28426	28426
28428	28428
28430	28430
28431	28431
28432	28432
28434	28434
28436	28436
28437	28437
28446	28446
28465	28465
28470	28470
28471	28471
28497	28497
28500	28500
28501	28501
28557	28557
28591	28591
28593	28593
28600	28600
28642	28642
28714	28714
28719	28719
28729	28729
28733	28733
28735	28735
28738	28738
28740	28740
28759	28759
28775	28775
28777	28777
28779	28779
28787	28787
28789	28789
28801	28801
28812	28812
28816	28816
28818	28818
28820	28820
28822	28822
28824	28824
28826	28826
28828	28828
28832	28832
28848	28848
28850	28850
28858	28858
28882	28882
28908	28908
28957	28957
28974	28974
28989	28989
28997	28997
28999	28999
29003	29003
29006	29006
29008	29008
29013	29013
29073	29073
29156	29156
29158	29158
29228	29228
29230	29230
29232	29232
29250	29250
29263	29263
29270	29270
29275	29275
29291	29291
29308	29308
29316	29316
29323	29323
29376	29376
29404	29404
29415	29415
29425	29425
29427	29427
29429	29429
29443	29443
29478	29478
29489	29489
29491	29491
29493	29493
29636	29636
29641	29641
29643	29643
29645	29645
29647	29647
29658	29658
29666	29666
29668	29668
29684	29684
29812	29812
29922	29922
29927	29927
29932	29932
29934	29934
29966	29966
29971	29971
29973	29973
29991	29991
30029	30029
30062	30062
30064	30064
30066	30066
30090	30090
30098	30098
30152	30152
30181	30181
30183	30183
30202	30202
30214	30214
30233	30233
30275	30275
30289	30289
30338	30338
30343	30343
30348	30348
30377	30377
30382	30382
30384	30384
30394	30394
30399	30399
30401	30401
30430	30430
30450	30450
30455	30455
30464	30464
30527	30527
30563	30563
30568	30568
30570	30570
30576	30576
30613	30613
30618	30618
30625	30625
30680	30680
30720	30720
30725	30725
30732	30732
30739	30739
30751	30751
30798	30798
30810	30810
30814	30814
30833	30833
30834	30834
30835	30835
30836	30836
30837	30837
30838	30838
30839	30839
30840	30840
30841	30841
30842	30842
30843	30843
30844	30844
30845	30845
30847	30847
30849	30849
30851	30851
30858	30858
30859	30859
30860	30860
30861	30861
30872	30872
30879	30879
30892	30892
30904	30904
30923	30923
30925	30925
30936	30936
30976	30976
31079	31079
31081	31081
31085	31085
31089	31089
31097	31097
31111	31111
31118	31118
31120	31120
31125	31125
31133	31133
31135	31135
31143	31143
31151	31151
31218	31218
31257	31257
31281	31281
31292	31292
31426	31426
31485	31485
31487	31487
31495	31495
31497	31497
31546	31546
31554	31554
31571	31571
31573	31573
31579	31579
31581	31581
31583	31583
31588	31588
31593	31593
31618	31618
31620	31620
31745	31745
31763	31763
31770	31770
31772	31772
31789	31789
31795	31795
31802	31802
31804	31804
31820	31820
31832	31832
31838	31838
31845	31845
31847	31847
31852	31852
31854	31854
31856	31856
31862	31862
31916	31916
31921	31921
31929	31929
31939	31939
32022	32022
32031	32031
32033	32033
32072	32072
32075	32075
32080	32080
32088	32088
32166	32166
32187	32187
32189	32189
32191	32191
32290	32290
32301	32301
32307	32307
32309	32309
32311	32311
32313	32313
32329	32329
32338	32338
32472	32472
32504	32504
32540	32540
32591	32591
32616	32616
32618	32618
32629	32629
32631	32631
32635	32635
32637	32637
32639	32639
32641	32641
32645	32645
32649	32649
32651	32651
32661	32661
32666	32666
32746	32746
32753	32753
32755	32755
32768	32768
32783	32783
32794	32794
32802	32802
32819	32819
32872	32872
32876	32876
32884	32884
32895	32895
32902	32902
32904	32904
32906	32906
32949	32949
32951	32951
32953	32953
32993	32993
32995	32995
32999	32999
33001	33001
33007	33007
33015	33015
33025	33025
33030	33030
33032	33032
33132	33132
33156	33156
33191	33191
33198	33198
33205	33205
33207	33207
33212	33212
33214	33214
33313	33313
33379	33379
33381	33381
33385	33385
33389	33389
33393	33393
33435	33435
33461	33461
33543	33543
33545	33545
33645	33645
33649	33649
33651	33651
33656	33656
33658	33658
33669	33669
33679	33679
33681	33681
33723	33723
33764	33764
33765	33765
33767	33767
33769	33769
33773	33773
33775	33775
33779	33779
33780	33780
33781	33781
33783	33783
33786	33786
33800	33800
33813	33813
33827	33827
33834	33834
33853	33853
33932	33932
33959	33959
33961	33961
33963	33963
33969	33969
33971	33971
33976	33976
34034	34034
34042	34042
34083	34083
34186	34186
34199	34199
34242	34242
34244	34244
34257	34257
34259	34259
34266	34266
34268	34268
34272	34272
34274	34274
34276	34276
34284	34284
34288	34288
34322	34322
34324	34324
34329	34329
34331	34331
34336	34336
34367	34367
34384	34384
34389	34389
34392	34392
34397	34397
34412	34412
34423	34423
34428	34428
34432	34432
34450	34450
34457	34457
34462	34462
34464	34464
34484	34484
34697	34697
34704	34704
34717	34717
34736	34736
34882	34882
34995	34995
35005	35005
35010	35010
35079	35079
35081	35081
35088	35088
35092	35092
35103	35103
35120	35120
35188	35188
35232	35232
35249	35249
35254	35254
35256	35256
35268	35268
35278	35278
35280	35280
35282	35282
35284	35284
35300	35300
35314	35314
35329	35329
35341	35341
35345	35345
35347	35347
35349	35349
35353	35353
35378	35378
35398	35398
35406	35406
35411	35411
35415	35415
35440	35440
35495	35495
35498	35498
35500	35500
35507	35507
35526	35526
35546	35546
35548	35548
35550	35550
35552	35552
35569	35569
35577	35577
35579	35579
35593	35593
35605	35605
35607	35607
35609	35609
35615	35615
35622	35622
35632	35632
35639	35639
35643	35643
35657	35657
35659	35659
35661	35661
35669	35669
35671	35671
35676	35676
35722	35722
35726	35726
35805	35805
35812	35812
35912	35912
35914	35914
35916	35916
35924	35924
35941	35941
35958	35958
35963	35963
35965	35965
35974	35974
35987	35987
35995	35995
35997	35997
36008	36008
36010	36010
36059	36059
36097	36097
36105	36105
36128	36128
36130	36130
36142	36142
36144	36144
36148	36148
36187	36187
36198	36198
36200	36200
36261	36261
36309	36309
36312	36312
36319	36319
36391	36391
36409	36409
36411	36411
36422	36422
36426	36426
36513	36513
36515	36515
36517	36517
36521	36521
36523	36523
36528	36528
36530	36530
36532	36532
36536	36536
36549	36549
36568	36568
36570	36570
36592	36592
36609	36609
36659	36659
36717	36717
36725	36725
36782	36782
36784	36784
36789	36789
36796	36796
36798	36798
36806	36806
37034	37034
37038	37038
37040	37040
37042	37042
37044	37044
37048	37048
37050	37050
37052	37052
37073	37073
37075	37075
37077	37077
37115	37115
37124	37124
37132	37132
37164	37164
37189	37189
37197	37197
37214	37214
37218	37218
37261	37261
37266	37266
37274	37274
37288	37288
37296	37296
37371	37371
37397	37397
37417	37417
37463	37463
37491	37491
37493	37493
37652	37652
37687	37687
37740	37740
37751	37751
37777	37777
37779	37779
37784	37784
37786	37786
37790	37790
37797	37797
37809	37809
37825	37825
37827	37827
37869	37869
37871	37871
37873	37873
37893	37893
37904	37904
37906	37906
37914	37914
37921	37921
37923	37923
37925	37925
37928	37928
37930	37930
37948	37948
37996	37996
38027	38027
38030	38030
38032	38032
38036	38036
38046	38046
38050	38050
38068	38068
38070	38070
38086	38086
38098	38098
38107	38107
38109	38109
38111	38111
38113	38113
38129	38129
38134	38134
38144	38144
38148	38148
38153	38153
38189	38189
38200	38200
38220	38220
38222	38222
38227	38227
38229	38229
38235	38235
38237	38237
38239	38239
38243	38243
38371	38371
38383	38383
38385	38385
38390	38390
38565	38565
38567	38567
38569	38569
38571	38571
38584	38584
38625	38625
38645	38645
38677	38677
38691	38691
38696	38696
38710	38710
38731	38731
38753	38753
38766	38766
38768	38768
38813	38813
38836	38836
38843	38843
38845	38845
38854	38854
38856	38856
38861	38861
38883	38883
38885	38885
38890	38890
38892	38892
38908	38908
38925	38925
39043	39043
39110	39110
39117	39117
39128	39128
39142	39142
39244	39244
39245	39245
39246	39246
39247	39247
39248	39248
39249	39249
39250	39250
39251	39251
39252	39252
39258	39258
39260	39260
39261	39261
39262	39262
39263	39263
39264	39264
39266	39266
39267	39267
39273	39273
39275	39275
39287	39287
39312	39312
39329	39329
39330	39330
39340	39340
39351	39351
39352	39352
39356	39356
39361	39361
39373	39373
39385	39385
39389	39389
39400	39400
39429	39429
39448	39448
39460	39460
39471	39471
39473	39473
39475	39475
39494	39494
39499	39499
39624	39624
39636	39636
39648	39648
39663	39663
39737	39737
39742	39742
39774	39774
39779	39779
39792	39792
39817	39817
39835	39835
39874	39874
39891	39891
39904	39904
39906	39906
39922	39922
39971	39971
39997	39997
40041	40041
40107	40107
40108	40108
40120	40120
40134	40134
40145	40145
40157	40157
40162	40162
40164	40164
40166	40166
40173	40173
40195	40195
40197	40197
40202	40202
40204	40204
40206	40206
40208	40208
40210	40210
40229	40229
40242	40242
40255	40255
40273	40273
40275	40275
40283	40283
40285	40285
40298	40298
40300	40300
40302	40302
40327	40327
40469	40469
40490	40490
40494	40494
40521	40521
40529	40529
40578	40578
40580	40580
40613	40613
40708	40708
40762	40762
40788	40788
40789	40789
40790	40790
40791	40791
40793	40793
40800	40800
40805	40805
40807	40807
40812	40812
40813	40813
40822	40822
40867	40867
40910	40910
40948	40948
41032	41032
41051	41051
41053	41053
41055	41055
41057	41057
41062	41062
41064	41064
41069	41069
41094	41094
41096	41096
41099	41099
41102	41102
41104	41104
41106	41106
41115	41115