film	starring
1645	1647
1645	1650
1645	1653
1645	1658
1645	1669
1645	1701
1645	1748
1645	1756
1645	1761
1645	1781
1645	1787
1645	1805
1645	1811
1645	1819
1645	1821
1645	1823
1645	1825
5185	5190
30710	30720
33761	33765
33761	33767
40194	40204
9511	9513
40155	40162
40155	40173
6191	6209
5381	5383
38829	38845
13716	13748
29964	29991
1161	1211
1161	1226
1161	1339
1161	1345
1161	1377
1161	1380
1161	1388
1161	1394
1161	1397
16393	16437
12719	12780
12719	12866
12719	12882
12719	12893
12719	12904
12719	12906
12719	12926
12719	12934
28207	28343
28207	28353
28207	28374
28207	28387
35077	35232
35077	35254
35077	35256
35077	35300
35910	36097
8449	8686
8449	8701
8449	8709
