ntype1	ntype2
1483	1478
1184	1172
1100	992
304	279
107	80
2405	2278
3592	11
2809	2783
3363	3185
405	283
3359	3353
594	576
3510	3497
714	332
3005	3007
1307	1304
794	764
707	651
3262	3191
2487	2489
105	80
1705	1687
899	892
3019	2506
1382	1384
1186	1172
2576	2562
3260	3191
1104	885
3161	3148
2056	4
1784	1687
2909	2855
2270	2217
3062	3048
1885	1687
2403	2278
2664	2624
1785	1687
1606	1592
1481	1478
601	332
1101	992
205	143
2097	2095
2183	2157
986	988
3357	3353
1486	1478
592	576
1212	1172
504	457
507	332
2492	2489
1500	885
904	885
2812	2783
1386	1384
1103	992
1102	992
3159	3082
505	457
300	283
3070	2506
3009	2981
402	283
2911	2855
3507	3497
704	651
1881	1687
3595	3578
2407	2278
1780	1687
1385	1384
3355	3353
1702	1687
3011	2981
1189	1172
1883	1687
2093	2095
990	992
2811	2783
302	283
6	4
203	143
789	764
102	80
2490	2489
2142	4
3257	3191
2579	2562
3158	3148
1782	1687
2006	2008
2667	2624
702	651
3059	3048
2267	2217
2016	1576
1603	1592
1484	1478
2180	2157
799	764
1389	1384
2495	2489
2399	2278
1197	885
614	4
2178	2157
1310	885
1214	1216
3267	3185
3067	3048
3505	3476
309	283
1789	1687
2002	1972
2914	2855
1191	1172
1093	992
2276	2278
1476	1478
502	457
995	885
2102	2095
3155	3148
1098	885
1302	1304
3264	3265
798	764
200	143
1699	1687
3002	2981
1388	1384
3352	3353
400	283
993	992
894	892
1612	1592
1095	992
2571	2562
1400	885
1879	1687
2714	2715
699	651
2397	2278
2803	2783
1791	1687
2670	2624
112	80
2004	1972
2498	2489
110	80
3502	3497
395	283
706	332
1392	1384
2916	2855
1217	1216
2000	1972
2	4
797	764
807	332
1875	1687
306	283
3064	3048
1786	1687
2719	2715
2401	2278
2807	2783
2176	2157
499	457
2098	2095
1194	1172
597	576
1479	1478
599	576
1305	1304
1787	1687
2573	2562
2918	2855
1877	1687
896	892
2805	2783
397	283
712	4
308	283
197	143
1696	1687
1609	1592
2100	2095
1403	885
2272	2274
1697	1687
3078	2506
2174	2157
796	764
2673	2624
3153	3148
2717	2715
696	651
1087	992
2282	2278
3522	3497
1494	1478
3250	3191
782	764
520	457
1996	1972
792	332
1795	1687
1896	1687
1173	1172
2722	2715
2196	2157
522	332
2283	2278
1000	992
219	143
392	283
119	80
2393	2278
998	992
3074	3048
3174	3148
2820	2816
1797	1687
1897	1687
2676	2624
1594	1592
1181	885
118	80
2898	2855
607	576
1297	1298
3349	3185
912	892
1089	992
2281	2278
293	283
216	217
1693	1687
1796	1687
1394	1384
2819	2816
2996	2981
694	651
2588	2584
1898	1687
2085	2064
3248	3191
780	764
1497	1478
517	457
603	576
2279	2278
3519	3497
390	283
1893	1687
2824	2816
779	764
1792	1687
2725	2715
3246	3191
2280	2278
1200	1172
1994	1972
2193	2157
1003	992
1175	1172
1091	992
1794	1687
1691	1687
2679	2624
214	143
2823	2816
2479	2477
1397	1398
1300	1298
3346	3185
3172	3082
115	80
2901	2855
691	651
2591	2584
2395	2278
2822	2816
2999	2981
3170	3148
290	283
3072	3048
605	576
777	764
2082	2064
914	892
1895	1687
2191	2157
788	764
689	651
1990	1972
1202	1172
2988	2981
2288	2278
1209	885
1488	1478
297	283
2090	2064
2289	2278
1178	1172
386	283
125	80
1689	1687
3343	3279
298	283
3517	3497
513	457
1082	992
3341	3279
124	80
2904	2855
906	892
2287	2278
211	143
1891	1687
2814	2816
2482	2477
1803	1687
2682	2624
1231	4
1992	1972
2990	2981
2188	2157
2727	2715
515	457
3254	3185
3080	3082
786	764
388	283
1290	1286
3515	3497
2386	2278
1005	992
2582	2584
3167	3148
3344	3185
1205	1172
1887	1687
1798	1687
384	283
686	651
514	332
609	576
2285	2278
122	80
1988	1972
1233	4
295	283
1492	1478
2390	2278
3252	3191
1085	992
2286	2278
2684	2624
510	457
1600	1576
909	892
2284	2278
1490	1478
208	143
2186	2157
1597	1592
2729	2731
3338	3279
784	764
1685	1687
3077	3048
2388	2278
1998	1576
2485	2477
3165	3148
1007	992
2817	2816
2906	2855
2686	2624
2088	2064
3164	3148
2993	2981
1207	1172
1889	1687
3339	3279
3512	3497
2585	2584
617	332
611	576
1293	1286
1799	1687
2464	2462
382	283
620	576
1163	1125
1405	1407
3086	3087
2120	2095
1583	1585
1164	1125
1332	1315
965	885
1761	1687
2032	2033
2785	2783
2206	2204
2983	2981
281	283
532	527
2293	2278
27	15
181	143
1683	1676
1759	1687
3574	3568
2553	2489
3383	3366
877	866
2118	2095
2640	2624
1861	1687
1330	1315
83	80
2381	2278
817	764
2295	2278
2689	2624
3488	3413
2209	2146
2884	2855
1506	1478
1075	992
1168	885
3382	3366
3183	3185
729	722
1508	1478
1859	1687
2644	2624
2383	2278
3281	3185
2467	2469
1757	1687
1166	1125
2202	2204
1420	885
3083	3082
2558	2489
2788	2783
3378	3366
1409	1407
380	283
1580	1576
1335	1315
30	11
1080	992
178	143
2986	2981
3563	11
3570	3568
529	527
3486	3413
880	866
2029	2008
2556	2489
277	279
2473	2274
1510	1478
814	764
1078	992
2291	2278
3572	3568
2116	2095
2887	2855
3485	3413
735	332
726	722
1681	1676
1165	1125
2642	2624
1857	1687
967	969
3181	3148
81	80
3283	3185
825	332
2779	2731
3092	3087
2027	2008
2200	2157
2548	2489
525	527
2647	2624
376	283
871	866
2691	2693
2373	2278
2299	2278
287	279
21	15
1238	1216
2892	2855
175	143
1412	1407
2978	2955
3579	3578
3288	3279
1767	1687
2646	2624
3375	3366
3381	3185
1855	1687
89	80
1501	1478
1324	1315
2375	2278
1765	1687
3179	3082
3377	3366
3580	3578
971	969
2471	2469
723	722
3290	3279
1678	1676
3090	3082
3178	3148
1072	885
285	283
2125	2095
2890	2855
23	15
624	576
3482	3413
1590	1592
2123	2095
1763	1687
173	143
1414	1407
1338	885
1328	1315
1853	1687
373	283
819	764
3176	3148
2895	2855
2980	2981
874	866
1502	1478
3478	3413
622	576
2694	2693
2198	2157
2782	2783
3088	3082
2649	2624
3576	3578
2024	2008
1248	885
3374	3366
1504	1478
86	80
820	764
3286	3279
25	15
1801	4
974	969
378	4
1096	4
1674	1676
2550	2489
2475	2477
720	722
3373	3366
1170	1172
1240	1216
1587	1585
1851	1687
2378	2274
2297	2278
3479	3413
717	651
3585	3578
2021	2008
94	80
1320	1315
1773	1687
270	217
2457	2274
1873	1687
269	264
2652	2624
2697	2693
193	143
2109	2095
2367	2278
1671	1656
1065	992
1157	885
1417	1419
2796	2783
370	283
887	885
632	576
804	764
2305	2278
2873	2855
2973	2955
1151	1125
543	539
3584	3578
195	143
3095	3097
2564	2562
1219	1216
2219	2217
3272	3265
3370	3366
976	969
274	4
3039	4
3195	3191
2107	2108
1771	1687
541	539
2699	2693
823	4
1519	1478
3499	3497
16	15
805	764
2307	2278
3371	3366
1155	1125
634	332
2018	2008
3582	3578
1668	1656
2302	2278
190	143
2877	2855
2370	2278
2568	2562
629	576
801	764
3193	3191
1322	1315
2976	2955
890	892
2656	2624
1871	1687
2799	2783
1224	1216
267	264
2105	2095
1069	992
540	539
1769	1687
367	283
1222	1216
979	981
2701	2693
3269	3265
1521	1478
2801	2783
1869	1687
803	764
3367	3366
2654	2624
265	264
2566	2562
1153	1125
3093	3082
1067	992
2215	2217
3368	3366
92	80
802	764
627	576
2875	2855
1570	1572
3496	3497
1421	1419
19	15
2213	2146
2361	2278
187	143
2658	2624
2791	2783
2211	2204
3276	3265
364	283
537	539
983	885
902	4
638	576
810	764
1423	1419
9	11
1235	885
1664	1656
99	80
2311	2278
2879	2855
812	764
1313	1315
1437	885
3278	3279
3493	3476
3189	3191
2013	2008
2113	2095
2312	2278
2704	2693
2363	2278
1512	1478
2460	2462
1425	1419
3102	3097
2313	2278
2965	2955
1666	1656
811	764
883	885
3365	3366
636	576
1226	1216
1058	992
3274	3265
3490	3413
1426	1419
2706	2693
184	143
1867	1576
535	527
2794	2783
2661	2624
708	651
2160	4
97	80
1317	1315
1574	1576
3587	3578
2711	2506
1160	1125
1063	992
1775	1687
361	283
185	143
2365	2278
1514	1478
2308	2278
2970	2955
1865	1687
3361	3353
1863	1687
2210	2204
2010	2008
809	764
3589	3578
710	651
1326	885
272	217
1777	1576
1428	1419
2110	2095
2881	2855
2309	2278
886	885
2310	2278
808	764
2968	2955
1516	1478
2708	2693
3099	3097
13	15
2560	2562
1061	992
1229	1216
1534	1478
3203	3191
3304	3279
1266	885
150	143
2761	2731
2956	2955
657	651
1141	1125
2619	2611
2135	2095
2045	2039
946	892
3380	4
3404	3366
1055	992
544	539
348	283
860	764
251	143
744	733
2446	2442
1258	1216
2533	2489
1752	1687
1923	1918
1959	1918
1434	1419
2221	2217
3055	3048
1828	1687
3104	3097
2618	2611
3402	3366
1750	1687
2444	2442
3461	3413
546	539
1651	1624
1532	1478
447	442
3057	3048
1260	1216
1961	1918
2857	2855
1652	1576
2359	2278
3205	3191
3547	3528
655	651
1650	1624
1432	1419
2620	2611
2358	2278
3106	3097
3406	3185
2866	2506
54	15
2953	2955
153	143
2758	2731
1143	885
1430	1419
3307	3279
943	892
2048	2039
548	539
1138	1125
3465	3413
2138	2095
52	15
2616	2611
351	283
2757	2731
857	764
3052	3048
1831	1687
1255	1216
1755	1687
659	651
1926	1918
1654	1656
452	332
3549	3551
1964	1918
2854	2855
2356	2278
1354	1347
3208	3191
1529	1478
450	442
464	332
3109	3097
462	457
3463	3413
2531	2489
152	143
2224	2146
1053	992
253	143
746	733
3398	3366
49	15
1147	1125
2129	2095
2051	2039
354	283
246	143
1049	992
1745	1687
3111	3097
1439	1419
1833	1687
2625	2624
2767	2731
3310	3279
1264	1216
1657	1656
1953	1918
3198	3191
2962	2955
440	442
1351	1347
550	539
854	764
2452	2442
1527	1478
1835	1687
2765	2731
2353	2278
2626	2624
1051	992
1955	1918
2450	2442
2053	2039
2127	2095
356	283
757	332
3113	3082
950	892
244	143
2454	2274
3553	3551
155	143
1149	1125
3454	3413
1265	1216
2528	2489
649	651
2226	2217
1748	1687
2523	2489
3459	3413
46	15
2132	2095
2448	2442
2959	2955
3186	4
3200	3191
1525	1478
1436	1419
1929	1576
2622	2624
1837	1687
3046	3048
653	651
1920	1918
3316	3185
3400	3366
948	892
2850	2852
248	143
1348	1347
2763	2731
553	539
851	764
455	457
1659	1656
1263	1216
1523	1478
444	442
3115	3097
359	283
1145	1125
44	15
760	332
2350	2278
3556	3551
3457	3413
3312	3279
158	143
459	332
751	753
1957	1918
2525	2489
1658	1656
1262	1216
2229	2217
3395	3185
556	539
1345	1347
957	892
3560	3551
3391	3366
2630	2624
480	4
2945	2946
1246	1216
2871	2855
2434	2435
1543	1542
1839	1687
1046	885
434	416
1445	1419
1043	992
3472	3413
1739	1687
1638	1624
868	866
3217	3191
1841	1687
2346	2278
1357	885
161	143
2770	2731
1741	1576
3117	3119
731	733
337	283
2347	2278
1130	1125
41	15
3293	3185
437	332
2035	2033
558	539
2545	2489
470	457
3558	3551
1937	1918
2232	2217
2432	2418
2144	2146
1578	4
3475	3476
339	283
1540	1542
1950	1918
1843	1687
1243	1216
2868	2855
1743	1687
1443	1419
2037	2039
1643	1624
2237	2217
2431	2418
2628	2624
1939	1918
1342	1315
955	892
560	539
1441	1419
3112	4
3220	3191
1641	1624
3120	3119
164	143
1041	992
262	264
2148	2146
2430	2418
953	892
3296	3185
38	15
864	866
3043	3007
2943	2938
2542	2489
2344	2278
3393	3366
3294	4
2235	2217
2429	2418
1453	885
2768	2731
2147	2146
473	457
640	576
429	416
3210	3191
3038	3007
562	539
342	283
963	892
646	332
1464	885
2440	2442
3385	3366
3299	3279
1135	1125
1942	1918
3122	3119
3468	3413
1451	1419
1845	1687
2864	2855
3050	2506
1646	1624
168	143
3209	3191
167	143
256	143
2239	2146
3565	3551
737	733
2140	2095
3124	3082
1253	1216
1847	1687
3564	3551
1538	1478
2638	2624
166	143
2777	2731
1340	1315
2341	2278
2041	2039
2438	2435
1039	992
1732	1687
564	539
2539	2489
2780	2506
2862	2855
1737	1687
432	416
1849	1687
35	15
2043	2039
3035	3007
3388	3366
1932	1918
2633	2624
2948	2946
741	733
1536	1478
345	283
1034	992
2775	2731
1448	1419
961	892
2535	2489
862	764
3212	3185
259	217
644	576
3301	3279
3387	3366
959	885
170	143
2773	2731
1250	1216
1945	1918
33	15
749	332
3567	3568
2436	2435
3126	3119
3214	3191
2537	2489
1934	1918
642	576
2241	2217
2860	2855
1649	1576
467	457
2635	2624
1133	1125
1036	992
3470	3413
3127	3119
1735	1687
567	539
2338	2278
739	733
1368	4
1726	1687
1033	992
3437	3413
2335	2278
765	764
2934	2932
775	332
3326	3279
2244	2217
1805	1687
2834	2816
424	416
3129	3119
3524	3497
2071	2064
3424	3413
834	764
1983	1972
922	885
3328	3279
2596	2584
1982	1972
2508	2489
228	143
3033	2981
325	279
2835	2816
681	651
1457	1419
1905	1687
3128	3119
1281	1280
569	539
835	764
767	764
1981	1972
2836	2816
836	764
2423	2418
1804	1687
2069	2064
2158	2157
1555	1542
3228	3191
3426	3413
2736	2731
127	129
78	80
130	4
1628	1624
74	15
1910	1687
1729	1687
1030	992
3428	3413
3329	3279
3526	3528
1630	1624
2247	2217
1808	1687
1551	1542
3030	3007
486	457
427	416
2074	2064
2732	2731
1986	1972
3439	3413
769	764
328	283
2832	2816
917	892
1948	4
2734	2731
3041	2506
1377	1347
1985	1972
919	892
684	651
1117	992
3331	3279
1806	1687
1553	1542
2593	2584
832	764
3131	3119
572	539
1278	1280
1908	1687
2420	2418
1807	1687
76	15
770	764
230	143
133	11
1120	885
327	283
1984	1972
2833	2816
1455	1419
2161	2157
2333	2278
3231	3191
3429	3413
2930	2932
673	651
3529	3528
2603	2584
2250	2217
1375	1347
1811	1687
2828	2816
2150	2152
2950	2506
1027	992
1901	1687
2940	2938
771	764
828	764
2504	2506
772	764
72	15
2829	2816
1900	1687
2427	2418
3430	3413
330	332
1287	1286
477	457
418	416
1632	1624
1814	1576
3135	3119
1462	1419
2077	2064
1123	1125
3134	3119
574	576
2331	2278
1809	1687
928	892
222	143
3027	2981
1976	1972
2742	2731
1722	1687
1549	1542
475	457
3222	3191
3334	3279
1635	1576
2601	2584
773	764
840	332
3432	3413
2830	2816
830	764
1899	1687
1810	1687
1295	885
2825	2816
2738	2731
1024	992
2501	2489
3532	3528
676	651
2253	2217
1127	885
1372	1347
2153	2146
3434	3413
1285	1286
1458	1419
578	576
2326	2278
3422	3413
3139	3119
1904	1687
2937	2938
1903	1687
334	283
69	11
1724	1687
1459	1419
135	129
483	332
3421	3413
3336	3279
2080	2064
826	764
138	11
577	576
2328	2278
421	332
1460	1419
1902	1687
3137	3119
2740	2731
925	892
225	143
3024	2981
2425	2418
1812	1687
3337	3279
2598	2584
2155	2157
2500	2489
3225	3191
1546	1542
1283	1280
776	764
1978	1972
2827	2816
827	764
1110	992
1715	1687
3142	3082
3241	3191
1615	1592
1468	1419
238	143
1380	885
2924	2855
3449	3413
65	15
2609	2611
2412	2278
1272	1216
3535	3528
3314	3279
2256	2217
2058	2060
2747	2731
1817	1687
3419	3185
2847	2845
848	764
2324	2278
493	457
2748	2731
1021	885
312	279
2414	2274
2521	2489
668	651
1567	1542
2607	2584
1815	1687
1617	1592
1270	1216
2169	2146
1970	1972
934	892
3021	2981
3536	3528
1108	992
2259	2146
3140	3119
755	753
67	15
580	576
3144	3119
1563	1542
1268	1216
2062	2064
3415	3413
2519	2489
241	143
2843	2845
3451	3413
63	15
1017	992
1974	1972
843	764
2409	2278
678	332
2320	2278
2921	2855
584	576
3317	3279
1717	1687
1820	1687
2744	2731
1018	992
3538	3528
1366	1347
1916	1918
845	764
315	283
3540	3528
671	651
3417	3413
496	457
414	416
1106	992
1719	1687
2321	2278
3243	3191
2745	2731
931	892
3018	2981
2261	2217
1620	1592
3319	3279
2172	2146
1565	1542
2605	2584
141	143
1466	1419
583	576
2322	2278
60	15
3442	3413
3146	3148
1474	1419
1912	1687
2516	2489
1966	1918
489	457
3235	3191
1560	1542
3321	3279
1363	1347
320	283
3017	2981
1015	992
1708	1687
409	283
1823	1687
2317	2278
1913	1687
1710	1687
2164	2157
3409	3366
662	651
1622	1624
3543	3528
1115	992
318	283
233	143
2263	2217
2754	2731
842	764
2319	2274
144	143
586	576
2613	2611
841	764
407	283
3233	3185
1562	1542
1276	1216
2416	2418
2841	2816
940	892
2514	2489
935	892
1361	1347
837	764
57	15
3445	3413
1661	4
763	764
1274	1216
1557	1542
3324	3279
1712	1687
1113	992
3238	3191
323	283
3014	2981
3323	3279
2750	2731
3545	3476
1012	992
2265	2217
3150	3148
1625	1576
1470	1419
491	457
2314	2278
2927	2855
665	651
1968	1918
3411	3413
1370	885
1825	1687
2066	2064
411	283
2315	2278
1010	992
2839	2816
147	143
3447	3413
1472	1419
589	576
2316	2278
3491	4
1914	1687
1111	992
2838	2816
2166	2157
2511	2489
2752	2731
937	885
1359	1347
235	217
3325	3279
