--------------------------------
top-20
0.116600790513834
0.07380952380952381
0.07142857142857142
0.08008658008658008
0.11052631578947368
0.09420289855072464
0.05263157894736842
0.15476190476190477
0.05
0.06904761904761905
0.1383399209486166
0.1482213438735178
0.05714285714285714
0.1358695652173913
0.08441558441558442
0.06428571428571428
0.03684210526315789
0.049783549783549784
0.05476190476190476
0.0380952380952381
0.06277056277056277
0.11857707509881422
0.03896103896103896
0.03333333333333333
0.04473684210526316
0.02619047619047619
0.10714285714285714
0.07380952380952381
0.05844155844155844
0.10822510822510822
0.07017543859649122
0.03684210526315789
0.11666666666666667
0.05714285714285714
0.06842105263157895
0.034210526315789476
0.05
0.06725146198830409
0.10789473684210527
0.11190476190476191
0.12142857142857143
0.12631578947368421
0.05952380952380952
0.1067193675889328
0.06060606060606061
0.0735930735930736
0.08441558441558442
0.07857142857142857
0.08571428571428572
0.10173160173160173
0.06428571428571428
0.07575757575757576
0.07792207792207792
0.08300395256916997
0.08008658008658008
0.08874458874458875
0.06324110671936758
0.030952380952380953
0.09047619047619047
0.06140350877192982
0.09740259740259741
0.13421052631578947
0.1038961038961039
0.05714285714285714
0.07105263157894737
0.0880952380952381
0.19692307692307692
0.0670995670995671
0.03333333333333333
0.05
0.0761904761904762
0.09736842105263158
0.08333333333333333
0.13438735177865613
0.07380952380952381
0.07142857142857142
0.09307359307359307
0.039473684210526314
0.05714285714285714
0.14523809523809525
0.039473684210526314
0.08947368421052632
0.04736842105263158
0.11038961038961038
0.12121212121212122
0.1368421052631579
0.26406926406926406
0.09956709956709957
0.08157894736842106
0.18115942028985507
0.1357142857142857
0.06904761904761905
0.20346320346320346
0.14047619047619048
0.07631578947368421
0.06904761904761905
0.15942028985507245
0.15800865800865802
0.05
0.0735930735930736
0.14761904761904762
0.04736842105263158
0.16996047430830039
0.11067193675889328
0.0761904761904762
0.16600790513833993
0.08008658008658008
0.06578947368421052
0.10714285714285714
0.05
0.04523809523809524
0.17316017316017315
0.18831168831168832
0.22333333333333333
0.1007905138339921
0.14761904761904762
0.023809523809523808
0.0670995670995671
0.18833333333333332
0.05194805194805195
0.09047619047619047
0.1774891774891775
0.05714285714285714
0.0880952380952381
0.08874458874458875
0.09288537549407115
0.2633333333333333
0.08095238095238096
0.14492753623188406
0.14935064935064934
0.13333333333333333
0.05
0.14935064935064934
0.08157894736842106
0.15579710144927536
0.07894736842105263
0.11956521739130435
0.031578947368421054
0.06428571428571428
0.11428571428571428
0.21666666666666667
0.10714285714285714
0.08441558441558442
0.09090909090909091
0.11190476190476191
0.18972332015810275
0.08874458874458875
0.05789473684210526
0.03508771929824561
0.10714285714285714
0.05238095238095238
0.04047619047619048
0.07575757575757576
0.05
0.12857142857142856
0.16842105263157894
0.1038961038961039
0.15714285714285714
0.08441558441558442
0.05238095238095238
0.23833333333333334
0.02619047619047619
0.06277056277056277
0.06666666666666667
0.09047619047619047
0.05411255411255411
0.24675324675324675
0.047619047619047616
0.0670995670995671
0.10606060606060606
0.08157894736842106
0.08333333333333333
0.10173160173160173
0.05263157894736842
0.24110671936758893
0.10238095238095238
0.1
0.11067193675889328
0.11904761904761904
0.0380952380952381
0.0880952380952381
0.1067193675889328
0.05
0.1482213438735178
0.12987012987012986
0.17391304347826086
0.07380952380952381
0.07792207792207792
0.06926406926406926
0.08874458874458875
0.08095238095238096
0.06904761904761905
0.0735930735930736
0.05194805194805195
0.05194805194805195
0.02631578947368421
0.11842105263157894
0.09761904761904762
0.04473684210526316
0.06578947368421052
0.06060606060606061
0.05
0.05526315789473684
0.07905138339920949
0.07380952380952381
0.11471861471861472
0.09047619047619047
0.1068840579710145
0.013071895424836602
0.1442687747035573
0.05627705627705628
0.1111111111111111
0.14761904761904762
0.07857142857142857
0.18614718614718614
0.05844155844155844
0.08333333333333333
0.1038961038961039
0.09047619047619047
0.10952380952380952
0.06190476190476191
0.039473684210526314
0.047619047619047616
0.09523809523809523
0.23122529644268774
0.1
0.08441558441558442
0.08874458874458875
0.09523809523809523
0.12833333333333333
0.16666666666666666
0.18840579710144928
0.05789473684210526
0.06904761904761905
0.0868421052631579
0.039473684210526314
0.191699604743083
0.1225296442687747
0.12368421052631579
0.14285714285714285
0.08658008658008658
0.07792207792207792
0.14673913043478262
0.0761904761904762
0.06190476190476191
0.19021739130434784
0.12987012987012986
0.08225108225108226
0.1541501976284585
0.10714285714285714
0.08441558441558442
0.034210526315789476
0.16153846153846155
0.10476190476190476
0.06140350877192982
0.13405797101449277
0.06578947368421052
0.23593073593073594
0.13157894736842105
0.05263157894736842
0.03896103896103896
0.08157894736842106
0.1023391812865497
0.07380952380952381
0.09761904761904762
0.06277056277056277
0.06428571428571428
0.09090909090909091
0.08658008658008658
0.12987012987012986
0.10476190476190476
0.12055335968379446
0.07575757575757576
0.12450592885375494
0.07380952380952381
0.05526315789473684
0.06904761904761905
0.12857142857142856
0.10822510822510822
0.11956521739130435
0.16485507246376813
0.06926406926406926
0.10474308300395258
0.14761904761904762
0.04736842105263158
0.06493506493506493
0.12055335968379446
0.16166666666666665
0.05526315789473684
0.0761904761904762
0.0880952380952381
0.14285714285714285
0.06904761904761905
0.08658008658008658
0.06315789473684211
0.13636363636363635
0.14523809523809525
0.06578947368421052
0.0761904761904762
0.06666666666666667
0.07792207792207792
0.06926406926406926
0.04329004329004329
0.11594202898550725
0.16333333333333333
0.05627705627705628
0.14285714285714285
0.09473684210526316
0.06428571428571428
0.08333333333333333
0.07894736842105263
0.11688311688311688
0.07857142857142857
0.09473684210526316
0.2608695652173913
0.0868421052631579
0.05627705627705628
0.19913419913419914
0.15612648221343872
0.09285714285714286
0.08333333333333333
0.1721014492753623
0.02631578947368421
0.11688311688311688
0.08008658008658008
0.10822510822510822
0.06060606060606061
0.07142857142857142
0.13949275362318841
0.10173160173160173
0.08658008658008658
0.060526315789473685
0.10474308300395258
0.05714285714285714
0.04523809523809524
0.11904761904761904
0.11857707509881422
0.06493506493506493
0.07707509881422925
0.08498023715415019
0.11775362318840579
0.14502164502164502
0.06428571428571428
0.08225108225108226
0.09956709956709957
0.07380952380952381
0.11462450592885376
0.06060606060606061
0.06428571428571428
0.1261904761904762
0.07380952380952381
0.11255411255411256
0.15800865800865802
0.09956709956709957
0.18398268398268397
0.11666666666666667
0.05627705627705628
0.06842105263157895
0.13421052631578947
0.09736842105263158
0.039473684210526314
0.06190476190476191
0.12368421052631579
0.08421052631578947
0.04047619047619048
0.1
0.05844155844155844
0.06277056277056277
0.16666666666666666
0.08095238095238096
0.1038961038961039
0.08874458874458875
0.1600790513833992
0.09307359307359307
0.14761904761904762
0.10606060606060606
0.03333333333333333
0.10173160173160173
0.16666666666666666
0.0761904761904762
0.06926406926406926
0.17984189723320157
0.12648221343873517
0.09047619047619047
0.08876811594202899
0.08571428571428572
0.08441558441558442
0.05714285714285714
0.04736842105263158
0.08874458874458875
0.030952380952380953
0.13095238095238096
0.05411255411255411
0.09288537549407115
0.042105263157894736
0.08225108225108226
0.13636363636363635
0.05238095238095238
0.08947368421052632
0.08874458874458875
0.24818840579710144
0.17984189723320157
0.04285714285714286
0.11688311688311688
0.06666666666666667
0.14031620553359683
0.07380952380952381
0.10173160173160173
0.06277056277056277
0.11578947368421053
0.07114624505928854
0.07894736842105263
0.11190476190476191
0.06493506493506493
0.07707509881422925
0.15800865800865802
0.13095238095238096
0.145
0.12631578947368421
0.05928853754940711
0.13203463203463203
0.17316017316017315
0.06904761904761905
0.0735930735930736
0.06060606060606061
0.08571428571428572
0.09956709956709957
0.06493506493506493
0.05526315789473684
0.05952380952380952
0.11255411255411256
0.05847953216374269
0.09090909090909091
0.08300395256916997
0.07707509881422925
0.08658008658008658
0.08441558441558442
0.18115942028985507
0.09740259740259741
0.1380952380952381
0.1380952380952381
0.17984189723320157
0.28
0.16233766233766234
0.10952380952380952
0.12055335968379446
0.1619047619047619
0.02857142857142857
0.07368421052631578
0.018421052631578946
0.1261904761904762
0.03333333333333333
0.1
0.05263157894736842
0.07575757575757576
0.20666666666666667
0.10822510822510822
0.047619047619047616
0.07105263157894737
0.17105263157894737
0.05
0.0761904761904762
0.05526315789473684
0.02894736842105263
0.07894736842105263
0.0868421052631579
0.10606060606060606
0.17572463768115942
0.039473684210526314
0.11462450592885376
0.11462450592885376
0.10952380952380952
0.05238095238095238
0.13636363636363635
0.12554112554112554
0.09090909090909091
0.09523809523809523
0.06666666666666667
0.1038961038961039
0.13043478260869565
0.15714285714285714
0.15579710144927536
0.09090909090909091
0.15333333333333332
0.09090909090909091
0.06926406926406926
0.06666666666666667
0.07142857142857142
0.09523809523809523
0.1761904761904762
0.11264822134387352
0.03684210526315789
0.07792207792207792
0.07380952380952381
0.08187134502923976
0.09761904761904762
0.13768115942028986
0.11067193675889328
0.1645021645021645
0.10476190476190476
0.06190476190476191
0.16666666666666666
0.06493506493506493
0.05526315789473684
0.135
0.12857142857142856
0.09523809523809523
0.07142857142857142
0.08421052631578947
0.08658008658008658
0.04047619047619048
0.13157894736842105
0.05194805194805195
0.1023391812865497
0.20333333333333334
0.09047619047619047
0.10263157894736842
0.0880952380952381
0.07380952380952381
0.10606060606060606
0.045454545454545456
0.11688311688311688
0.12121212121212122
0.11857707509881422
0.08441558441558442
0.0735930735930736
0.060526315789473685
0.08658008658008658
0.15151515151515152
0.05238095238095238
0.03463203463203463
0.05789473684210526
0.13157894736842105
0.07142857142857142
0.17588932806324112
0.24047619047619048
0.047619047619047616
0.030952380952380953
0.1619047619047619
0.02619047619047619
0.08095238095238096
0.170995670995671
0.0670995670995671
0.11255411255411256
0.05476190476190476
0.12987012987012986
0.02631578947368421
0.10173160173160173
0.07509881422924901
0.07575757575757576
0.06315789473684211
0.02142857142857143
0.04047619047619048
0.034210526315789476
0.18157894736842106
0.11857707509881422
0.1357142857142857
0.06904761904761905
0.08874458874458875
0.08874458874458875
0.11904761904761904
0.13636363636363635
0.11255411255411256
0.17532467532467533
0.1261904761904762
0.11904761904761904
0.09881422924901186
0.09307359307359307
0.08157894736842106
0.11315789473684211
0.08695652173913043
0.06842105263157895
0.11471861471861472
0.04047619047619048
0.09090909090909091
0.14502164502164502
0.15760869565217392
0.08498023715415019
0.12368421052631579
0.11666666666666667
0.0761904761904762
0.060526315789473685
0.1213768115942029
0.10326086956521739
0.07792207792207792
0.08874458874458875
0.0880952380952381
0.26877470355731226
0.039473684210526314
0.06521739130434782
0.08441558441558442
0.10238095238095238
0.021052631578947368
0.22142857142857142
0.05476190476190476
0.05952380952380952
0.06428571428571428
0.18774703557312253
0.10474308300395258
0.09523809523809523
0.25181159420289856
0.10822510822510822
0.15
0.12380952380952381
0.06428571428571428
0.11255411255411256
0.1324110671936759
0.10476190476190476
0.05627705627705628
0.03571428571428571
0.06060606060606061
0.03463203463203463
0.21666666666666667
0.06190476190476191
0.12554112554112554
0.09740259740259741
0.1956521739130435
0.1738095238095238
0.11462450592885376
0.05844155844155844
0.09523809523809523
0.191699604743083
0.191699604743083
0.05263157894736842
0.15714285714285714
0.10714285714285714
0.09683794466403162
0.06428571428571428
0.1038961038961039
0.08300395256916997
0.06521739130434782
0.09486166007905138
0.02631578947368421
0.034210526315789476
0.02894736842105263
0.09307359307359307
0.06315789473684211
0.06126482213438735
0.11956521739130435
0.10822510822510822
0.07792207792207792
0.0670995670995671
0.11038961038961038
0.09523809523809523
0.06926406926406926
0.08333333333333333
0.06578947368421052
0.21666666666666667
0.0880952380952381
0.02619047619047619
0.018421052631578946
0.034210526315789476
0.05263157894736842
0.13203463203463203
0.12121212121212122
0.05476190476190476
0.16847826086956522
0.08658008658008658
0.1038961038961039
0.11666666666666667
0.13438735177865613
0.049707602339181284
0.2783333333333333
0.08571428571428572
0.11666666666666667
0.031578947368421054
0.18157894736842106
0.2572463768115942
0.1261904761904762
0.08008658008658008
0.10606060606060606
0.09523809523809523
0.1
0.07631578947368421
0.02142857142857143
0.1595238095238095
0.0735930735930736
0.10606060606060606
0.1471861471861472
0.023809523809523808
0.13852813852813853
0.16833333333333333
0.11578947368421053
0.10507246376811594
0.10474308300395258
0.0367965367965368
0.08441558441558442
0.15800865800865802
0.05
0.039473684210526314
0.04473684210526316
0.047619047619047616
0.15579710144927536
0.08441558441558442
0.0880952380952381
0.09486166007905138
0.12845849802371542
0.13438735177865613
0.1736842105263158
0.09090909090909091
0.13095238095238096
0.11857707509881422
0.10474308300395258
0.05476190476190476
0.014285714285714285
0.07368421052631578
0.05789473684210526
0.04736842105263158
0.04736842105263158
0.12380952380952381
0.06190476190476191
0.10507246376811594
0.06926406926406926
0.10869565217391304
0.08874458874458875
0.08658008658008658
0.06428571428571428
0.09761904761904762
0.08225108225108226
0.06190476190476191
0.15714285714285714
0.06428571428571428
0.12337662337662338
0.08874458874458875
0.13852813852813853
0.1038961038961039
0.1721014492753623
0.16052631578947368
0.08695652173913043
0.08095238095238096
0.09761904761904762
0.10714285714285714
0.13438735177865613
0.17105263157894737
0.0880952380952381
0.1067193675889328
0.06315789473684211
0.07368421052631578
0.07368421052631578
0.07368421052631578
0.07368421052631578
0.12380952380952381
0.11231884057971014
0.04047619047619048
0.04047619047619048
0.05714285714285714
0.05714285714285714
0.12380952380952381
0.05714285714285714
0.05714285714285714
0.05714285714285714
0.16485507246376813
0.1595238095238095
0.05476190476190476
0.05476190476190476
0.11904761904761904
0.10789473684210527
0.08874458874458875
0.05952380952380952
0.12142857142857143
0.09740259740259741
0.11428571428571428
0.09307359307359307
0.13095238095238096
0.0880952380952381
0.14031620553359683
0.09307359307359307
0.16428571428571428
0.0380952380952381
0.07105263157894737
0.047619047619047616
0.14673913043478262
0.11688311688311688
0.11688311688311688
0.11428571428571428
0.1
0.1
0.07792207792207792
0.05
0.12142857142857143
0.14492753623188406
0.17316017316017315
0.11190476190476191
0.08095238095238096
0.1406926406926407
0.09761904761904762
0.11315789473684211
0.16883116883116883
0.1324110671936759
0.04047619047619048
0.04047619047619048
0.08095238095238096
0.1
0.11315789473684211
0.09523809523809523
--------------------------------
top-10
0.16363636363636364
0.05555555555555555
0.08888888888888889
0.24444444444444444
0.11818181818181818
0.011111111111111112
0.12121212121212122
0.08888888888888889
0.05555555555555555
0.12222222222222222
0.11818181818181818
0.15151515151515152
0.09090909090909091
0.02727272727272727
0.12222222222222222
0.08181818181818182
0.05555555555555555
0.09090909090909091
0.1111111111111111
0.05555555555555555
0.06363636363636363
0.2111111111111111
0.01818181818181818
0.022222222222222223
0.06363636363636363
0.045454545454545456
0.022222222222222223
0.07272727272727272
0.011111111111111112
0.12222222222222222
0.044444444444444446
0.07777777777777778
0.17777777777777778
0.11818181818181818
0.1111111111111111
0.022222222222222223
0.05555555555555555
0.14545454545454545
0.14545454545454545
0.08888888888888889
0.18181818181818182
0.22727272727272727
0.08181818181818182
0.1
0.044444444444444446
0.2222222222222222
0.2222222222222222
0.13333333333333333
0.17272727272727273
0.16666666666666666
0.1111111111111111
0.03636363636363636
0.03636363636363636
0.03636363636363636
0.01818181818181818
0.03333333333333333
0.06666666666666667
0.044444444444444446
0.044444444444444446
0.09722222222222222
0.08888888888888889
0.20454545454545456
0.18181818181818182
0.06666666666666667
0.022222222222222223
0.011111111111111112
0.08181818181818182
0.011111111111111112
0.06666666666666667
0.13333333333333333
0.08181818181818182
0.2777777777777778
0.11818181818181818
0.06666666666666667
0.03636363636363636
0.18181818181818182
0.07272727272727272
0.08888888888888889
0.011111111111111112
0.1893939393939394
0.011111111111111112
0.25555555555555554
0.08888888888888889
0.12727272727272726
0.20909090909090908
0.25757575757575757
0.2727272727272727
0.05555555555555555
0.18888888888888888
0.14393939393939395
0.19090909090909092
0.14545454545454545
0.2
0.2196969696969697
0.19090909090909092
0.03636363636363636
0.06666666666666667
0.10606060606060606
0.07777777777777778
0.12727272727272726
0.10606060606060606
0.1
0.1590909090909091
0.08333333333333333
0.14444444444444443
0.14545454545454545
0.03636363636363636
0.16666666666666666
0.2909090909090909
0.03636363636363636
0.06666666666666667
0.16666666666666666
0.2196969696969697
0.06818181818181818
0.06666666666666667
0.12878787878787878
0.03333333333333333
0.14444444444444443
0.044444444444444446
0.05555555555555555
0.14545454545454545
0.14393939393939395
0.044444444444444446
0.07272727272727272
0.022222222222222223
0.0
0.1987179487179487
0.1111111111111111
0.05555555555555555
0.022222222222222223
0.09090909090909091
0.07272727272727272
0.14102564102564102
0.1111111111111111
0.18888888888888888
0.08888888888888889
0.0
0.05555555555555555
0.2
0.1111111111111111
0.24242424242424243
0.022222222222222223
0.12222222222222222
0.17777777777777778
0.14444444444444443
0.07575757575757576
0.044444444444444446
0.05555555555555555
0.03636363636363636
0.12222222222222222
0.022222222222222223
0.07777777777777778
0.07272727272727272
0.03333333333333333
0.10606060606060606
0.18181818181818182
0.11818181818181818
0.24242424242424243
0.045454545454545456
0.05555555555555555
0.26282051282051283
0.022222222222222223
0.05454545454545454
0.044444444444444446
0.07777777777777778
0.1
0.2692307692307692
0.0
0.1
0.045454545454545456
0.07272727272727272
0.1111111111111111
0.16666666666666666
0.125
0.2636363636363636
0.1
0.21818181818181817
0.03636363636363636
0.044444444444444446
0.044444444444444446
0.045454545454545456
0.1111111111111111
0.08888888888888889
0.14444444444444443
0.05454545454545454
0.09848484848484848
0.13333333333333333
0.03333333333333333
0.11818181818181818
0.07272727272727272
0.06363636363636363
0.03636363636363636
0.011111111111111112
0.011111111111111112
0.0
0.011111111111111112
0.041666666666666664
0.08333333333333333
0.027777777777777776
0.1111111111111111
0.044444444444444446
0.12727272727272726
0.08888888888888889
0.08888888888888889
0.09090909090909091
0.2196969696969697
0.06666666666666667
0.05454545454545454
0.03636363636363636
0.041666666666666664
0.044444444444444446
0.06666666666666667
0.15384615384615385
0.022222222222222223
0.07272727272727272
0.11818181818181818
0.044444444444444446
0.06666666666666667
0.06666666666666667
0.022222222222222223
0.1
0.08888888888888889
0.06666666666666667
0.10606060606060606
0.06363636363636363
0.125
0.05454545454545454
0.03636363636363636
0.1111111111111111
0.07272727272727272
0.14393939393939395
0.07272727272727272
0.08333333333333333
0.13636363636363635
0.13636363636363635
0.09090909090909091
0.07272727272727272
0.07272727272727272
0.06666666666666667
0.13636363636363635
0.12222222222222222
0.011111111111111112
0.1
0.06666666666666667
0.07777777777777778
0.12878787878787878
0.3
0.06666666666666667
0.06363636363636363
0.06944444444444445
0.02727272727272727
0.05454545454545454
0.022222222222222223
0.07777777777777778
0.027777777777777776
0.044444444444444446
0.1527777777777778
0.14545454545454545
0.25555555555555554
0.1
0.0
0.022222222222222223
0.09090909090909091
0.013888888888888888
0.13636363636363635
0.07272727272727272
0.07272727272727272
0.05454545454545454
0.17777777777777778
0.07272727272727272
0.16363636363636364
0.01818181818181818
0.07777777777777778
0.1590909090909091
0.05454545454545454
0.06666666666666667
0.045454545454545456
0.08181818181818182
0.25555555555555554
0.1
0.06363636363636363
0.05555555555555555
0.0
0.16363636363636364
0.022222222222222223
0.07777777777777778
0.11363636363636363
0.12121212121212122
0.1388888888888889
0.05555555555555555
0.12121212121212122
0.15555555555555556
0.03636363636363636
0.1
0.1
0.07272727272727272
0.14393939393939395
0.17777777777777778
0.10909090909090909
0.14545454545454545
0.05555555555555555
0.1
0.01818181818181818
0.07777777777777778
0.03333333333333333
0.08888888888888889
0.23717948717948717
0.22727272727272727
0.13333333333333333
0.11818181818181818
0.07777777777777778
0.07777777777777778
0.13636363636363635
0.11363636363636363
0.3717948717948718
0.17272727272727273
0.01818181818181818
0.18181818181818182
0.23333333333333334
0.013888888888888888
0.1
0.022222222222222223
0.02727272727272727
0.03333333333333333
0.05454545454545454
0.13333333333333333
0.022222222222222223
0.16666666666666666
0.041666666666666664
0.13333333333333333
0.13333333333333333
0.07272727272727272
0.07272727272727272
0.17777777777777778
0.05555555555555555
0.18181818181818182
0.09848484848484848
0.06666666666666667
0.1
0.1111111111111111
0.14444444444444443
0.2545454545454545
0.08181818181818182
0.03636363636363636
0.10909090909090909
0.12727272727272726
0.11363636363636363
0.03333333333333333
0.07777777777777778
0.18181818181818182
0.14393939393939395
0.03333333333333333
0.08181818181818182
0.08888888888888889
0.17424242424242425
0.09090909090909091
0.011111111111111112
0.05555555555555555
0.03636363636363636
0.09090909090909091
0.027777777777777776
0.044444444444444446
0.08333333333333333
0.1111111111111111
0.03333333333333333
0.19090909090909092
0.03636363636363636
0.1
0.1
0.2636363636363636
0.05454545454545454
0.13636363636363635
0.09090909090909091
0.08181818181818182
0.22727272727272727
0.022222222222222223
0.044444444444444446
0.05555555555555555
0.15454545454545454
0.14545454545454545
0.06363636363636363
0.08333333333333333
0.14393939393939395
0.10909090909090909
0.03333333333333333
0.022222222222222223
0.07272727272727272
0.01818181818181818
0.03636363636363636
0.08181818181818182
0.022222222222222223
0.06666666666666667
0.045454545454545456
0.09090909090909091
0.0
0.11818181818181818
0.12121212121212122
0.0
0.1
0.2
0.28205128205128205
0.1858974358974359
0.08888888888888889
0.1
0.045454545454545456
0.01818181818181818
0.09090909090909091
0.01818181818181818
0.01818181818181818
0.2
0.022222222222222223
0.14545454545454545
0.08888888888888889
0.03636363636363636
0.07272727272727272
0.16666666666666666
0.11818181818181818
0.044444444444444446
0.044444444444444446
0.011111111111111112
0.1590909090909091
0.13636363636363635
0.05555555555555555
0.02727272727272727
0.07777777777777778
0.03636363636363636
0.17272727272727273
0.06363636363636363
0.06666666666666667
0.08181818181818182
0.05454545454545454
0.03636363636363636
0.06666666666666667
0.022222222222222223
0.06666666666666667
0.07777777777777778
0.07272727272727272
0.12121212121212122
0.022222222222222223
0.09848484848484848
0.09848484848484848
0.20512820512820512
0.21818181818181817
0.14393939393939395
0.07272727272727272
0.06363636363636363
0.06363636363636363
0.044444444444444446
0.2222222222222222
0.022222222222222223
0.12727272727272726
0.08888888888888889
0.17272727272727273
0.1
0.1111111111111111
0.044444444444444446
0.045454545454545456
0.045454545454545456
0.11818181818181818
0.12878787878787878
0.044444444444444446
0.11818181818181818
0.0
0.05555555555555555
0.10909090909090909
0.1
0.08181818181818182
0.06666666666666667
0.022222222222222223
0.06666666666666667
0.06666666666666667
0.15454545454545454
0.03333333333333333
0.06666666666666667
0.14393939393939395
0.022222222222222223
0.03636363636363636
0.1
0.05555555555555555
0.09090909090909091
0.2909090909090909
0.15555555555555556
0.011111111111111112
0.05555555555555555
0.06666666666666667
0.08888888888888889
0.11363636363636363
0.1
0.022222222222222223
0.26282051282051283
0.022222222222222223
0.05555555555555555
0.0
0.07777777777777778
0.2222222222222222
0.1111111111111111
0.07777777777777778
0.14545454545454545
0.09848484848484848
0.09090909090909091
0.044444444444444446
0.13636363636363635
0.06363636363636363
0.15555555555555556
0.12222222222222222
0.03333333333333333
0.1
0.05555555555555555
0.16666666666666666
0.02727272727272727
0.03636363636363636
0.24242424242424243
0.011111111111111112
0.08181818181818182
0.1
0.1
0.11818181818181818
0.041666666666666664
0.16363636363636364
0.044444444444444446
0.07777777777777778
0.21818181818181817
0.1590909090909091
0.06363636363636363
0.15454545454545454
0.05555555555555555
0.16666666666666666
0.14545454545454545
0.11818181818181818
0.1
0.044444444444444446
0.022222222222222223
0.2727272727272727
0.10909090909090909
0.18181818181818182
0.14393939393939395
0.044444444444444446
0.03333333333333333
0.23333333333333334
0.03333333333333333
0.03333333333333333
0.20454545454545456
0.08888888888888889
0.022222222222222223
0.044444444444444446
0.02727272727272727
0.07777777777777778
0.14444444444444443
0.03333333333333333
0.14444444444444443
0.1
0.03333333333333333
0.044444444444444446
0.03636363636363636
0.2196969696969697
0.12727272727272726
0.2196969696969697
0.06363636363636363
0.09090909090909091
0.18181818181818182
0.15454545454545454
0.11363636363636363
0.15555555555555556
0.12727272727272726
0.13636363636363635
0.12222222222222222
0.14444444444444443
0.05454545454545454
0.17272727272727273
0.23636363636363636
0.10909090909090909
0.16363636363636364
0.10909090909090909
0.07777777777777778
0.10909090909090909
0.14545454545454545
0.0
0.011111111111111112
0.24545454545454545
0.30303030303030304
0.1
0.045454545454545456
0.022222222222222223
0.05454545454545454
0.06363636363636363
0.05555555555555555
0.09848484848484848
0.3269230769230769
0.06666666666666667
0.06666666666666667
0.08181818181818182
0.027777777777777776
0.01818181818181818
0.1987179487179487
0.09090909090909091
0.08181818181818182
0.10909090909090909
0.10606060606060606
0.05555555555555555
0.14545454545454545
0.38461538461538464
0.08181818181818182
0.23484848484848486
0.05555555555555555
0.10909090909090909
0.044444444444444446
0.06666666666666667
0.045454545454545456
0.045454545454545456
0.044444444444444446
0.044444444444444446
0.022222222222222223
0.38461538461538464
0.1
0.19090909090909092
0.07777777777777778
0.16025641025641027
0.23636363636363636
0.12222222222222222
0.045454545454545456
0.022222222222222223
0.07575757575757576
0.07575757575757576
0.022222222222222223
0.19696969696969696
0.15454545454545454
0.022222222222222223
0.11818181818181818
0.01818181818181818
0.1111111111111111
0.06666666666666667
0.03636363636363636
0.0
0.027777777777777776
0.0
0.06666666666666667
0.1111111111111111
0.044444444444444446
0.06666666666666667
0.07777777777777778
0.07272727272727272
0.02727272727272727
0.0
0.022222222222222223
0.06363636363636363
0.12727272727272726
0.01818181818181818
0.013888888888888888
0.045454545454545456
0.0
0.011111111111111112
0.011111111111111112
0.08888888888888889
0.09090909090909091
0.15151515151515152
0.14444444444444443
0.07272727272727272
0.022222222222222223
0.23333333333333334
0.16363636363636364
0.15151515151515152
0.06666666666666667
0.14393939393939395
0.07272727272727272
0.022222222222222223
0.06666666666666667
0.30303030303030304
0.13636363636363635
0.20454545454545456
0.13333333333333333
0.16363636363636364
0.0
0.08181818181818182
0.12222222222222222
0.044444444444444446
0.20512820512820512
0.07272727272727272
0.13333333333333333
0.17424242424242425
0.011111111111111112
0.12727272727272726
0.0
0.2
0.06666666666666667
0.06363636363636363
0.0
0.09090909090909091
0.23484848484848486
0.013888888888888888
0.0
0.027777777777777776
0.011111111111111112
0.011111111111111112
0.06666666666666667
0.1111111111111111
0.07777777777777778
0.011111111111111112
0.06666666666666667
0.09090909090909091
0.09090909090909091
0.07575757575757576
0.23333333333333334
0.03636363636363636
0.044444444444444446
0.0
0.022222222222222223
0.011111111111111112
0.03333333333333333
0.03333333333333333
0.05555555555555555
0.03333333333333333
0.03333333333333333
0.022222222222222223
0.06363636363636363
0.09090909090909091
0.12727272727272726
0.1111111111111111
0.07777777777777778
0.044444444444444446
0.13636363636363635
0.09090909090909091
0.1111111111111111
0.045454545454545456
0.18888888888888888
0.14545454545454545
0.09090909090909091
0.05454545454545454
0.25757575757575757
0.03333333333333333
0.06363636363636363
0.1111111111111111
0.10909090909090909
0.06666666666666667
0.09090909090909091
0.12727272727272726
0.03636363636363636
0.03333333333333333
0.022222222222222223
0.022222222222222223
0.022222222222222223
0.022222222222222223
0.06666666666666667
0.05555555555555555
0.044444444444444446
0.07272727272727272
0.10909090909090909
0.10909090909090909
0.16666666666666666
0.10909090909090909
0.10909090909090909
0.10909090909090909
0.03636363636363636
0.08333333333333333
0.06666666666666667
0.06666666666666667
0.18181818181818182
0.22727272727272727
0.05454545454545454
0.1
0.08181818181818182
0.1
0.21212121212121213
0.23636363636363636
0.27564102564102566
0.15454545454545454
0.14545454545454545
0.044444444444444446
0.14545454545454545
0.022222222222222223
0.07777777777777778
0.06363636363636363
0.09848484848484848
0.07272727272727272
0.07272727272727272
0.18181818181818182
0.16363636363636364
0.16363636363636364
0.13636363636363635
0.05555555555555555
0.22727272727272727
0.05454545454545454
0.05454545454545454
0.11818181818181818
0.1
0.12121212121212122
0.03636363636363636
0.10606060606060606
0.17424242424242425
0.05454545454545454
0.03333333333333333
0.03333333333333333
0.1
0.1111111111111111
0.08333333333333333
0.022222222222222223
--------------------------------
top-5
0.5
0.0
0.0
0.30952380952380953
0.05
0.05
0.2
0.16666666666666666
0.0
0.14285714285714285
0.1
0.16666666666666666
0.0
0.0
0.23333333333333334
0.2
0.25
0.3
0.16666666666666666
0.15
0.13333333333333333
0.30952380952380953
0.0
0.1
0.13333333333333333
0.0
0.1
0.1
0.05
0.13333333333333333
0.0
0.1
0.6
0.1
0.5
0.1
0.1
0.06666666666666667
0.16666666666666666
0.23809523809523808
0.23333333333333334
0.3
0.2
0.26666666666666666
0.2
0.13333333333333333
0.42857142857142855
0.16666666666666666
0.2619047619047619
0.4
0.23333333333333334
0.0
0.1
0.0
0.0
0.06666666666666667
0.1
0.1
0.2
0.2
0.16666666666666666
0.23333333333333334
0.35714285714285715
0.0
0.0
0.05
0.13333333333333333
0.0
0.23333333333333334
0.13333333333333333
0.1
0.6190476190476191
0.13333333333333333
0.25
0.1
0.23333333333333334
0.2
0.2
0.05
0.6
0.06666666666666667
0.7
0.16666666666666666
0.5
0.13333333333333333
0.16666666666666666
0.4523809523809524
0.1
0.4666666666666667
0.05
0.26666666666666666
0.1
0.26666666666666666
0.13333333333333333
0.5333333333333333
0.1
0.1
0.0
0.0
0.16666666666666666
0.2
0.06666666666666667
0.0
0.0
0.3
0.1
0.05
0.19047619047619047
0.44642857142857145
0.0
0.13333333333333333
0.06666666666666667
0.1
0.0
0.2
0.0
0.05
0.1
0.0
0.1
0.0
0.2
0.05
0.2
0.1
0.0
0.2
0.03333333333333333
0.05
0.0
0.0
0.16666666666666666
0.1
0.3
0.23809523809523808
0.3
0.0
0.15
0.23333333333333334
0.05
0.36666666666666664
0.0
0.4
0.4666666666666667
0.23809523809523808
0.0
0.0
0.16666666666666666
0.06666666666666667
0.0
0.05
0.05
0.0
0.05
0.0
0.0
0.23333333333333334
0.26666666666666666
0.1
0.06666666666666667
0.06666666666666667
0.06666666666666667
0.13333333333333333
0.1
0.13333333333333333
0.06666666666666667
0.06666666666666667
0.0
0.4
0.0
0.15
0.1
0.4
0.3
0.23333333333333334
0.1
0.26666666666666666
0.1
0.05
0.1
0.1
0.35
0.06666666666666667
0.23333333333333334
0.0
0.1
0.16666666666666666
0.0
0.16666666666666666
0.2
0.0
0.0
0.0
0.05
0.0
0.0
0.0
0.0
0.1
0.06666666666666667
0.1
0.21428571428571427
0.2
0.0
0.1
0.13333333333333333
0.0
0.0
0.0
0.1
0.15
0.13333333333333333
0.0
0.0
0.0
0.23333333333333334
0.08333333333333333
0.13333333333333333
0.0
0.0
0.06666666666666667
0.1
0.06666666666666667
0.05
0.05
0.13333333333333333
0.05
0.1
0.3
0.0
0.4
0.0
0.16666666666666666
0.3
0.16666666666666666
0.05
0.2
0.13333333333333333
0.16666666666666666
0.1
0.3
0.05
0.0
0.2
0.23333333333333334
0.25
0.4666666666666667
0.0
0.0
0.2
0.0
0.0
0.1
0.16666666666666666
0.08333333333333333
0.0
0.1
0.15
0.36666666666666664
0.3
0.0
0.0
0.05
0.0
0.26666666666666666
0.23333333333333334
0.15
0.1
0.4666666666666667
0.0
0.2
0.0
0.2
0.1
0.1
0.13333333333333333
0.15
0.1
0.2857142857142857
0.3
0.15
0.25
0.0
0.4
0.0
0.2
0.15
0.0
0.16666666666666666
0.25
0.06666666666666667
0.1
0.0
0.06666666666666667
0.2
0.0
0.16666666666666666
0.4
0.1
0.25
0.2
0.25
0.0
0.2
0.0
0.3
0.16666666666666666
0.25
0.2
0.26666666666666666
0.1
0.2
0.35
0.0
0.30952380952380953
0.3333333333333333
0.0
0.13333333333333333
0.5
0.05
0.25
0.1
0.05
0.0
0.2
0.3333333333333333
0.06666666666666667
0.35
0.15
0.4
0.3333333333333333
0.25
0.1
0.3333333333333333
0.2
0.16666666666666666
0.1
0.2
0.3
0.26666666666666666
0.5
0.3333333333333333
0.23333333333333334
0.0
0.05
0.13333333333333333
0.0
0.15
0.05
0.2
0.1
0.1
0.0
0.13333333333333333
0.1
0.0
0.0
0.15
0.06666666666666667
0.2
0.1
0.0
0.0
0.25
0.06666666666666667
0.1
0.05
0.13333333333333333
0.06666666666666667
0.5
0.06666666666666667
0.1
0.13333333333333333
0.1
0.43333333333333335
0.0
0.06666666666666667
0.0
0.2
0.30952380952380953
0.1
0.0
0.1
0.05
0.0
0.0
0.0
0.0
0.0
0.06666666666666667
0.0
0.3
0.0
0.0
0.0
0.25
0.15
0.0
0.15
0.7
0.06666666666666667
0.05
0.13333333333333333
0.16666666666666666
0.05
0.0
0.0
0.0
0.0
0.3
0.05
0.26666666666666666
0.0
0.06666666666666667
0.13333333333333333
0.06666666666666667
0.05
0.1
0.0
0.06666666666666667
0.26666666666666666
0.25
0.13333333333333333
0.0
0.05
0.0
0.1
0.1
0.2
0.25
0.06666666666666667
0.06666666666666667
0.2
0.1
0.1
0.13333333333333333
0.0
0.0
0.05
0.0
0.0
0.2
0.3333333333333333
0.1
0.0
0.05
0.2
0.2
0.3333333333333333
0.1
0.35
0.1
0.23333333333333334
0.13333333333333333
0.25
0.15
0.0
0.1
0.05
0.0
0.1
0.13333333333333333
0.0
0.2
0.2
0.1
0.0
0.2
0.0
0.0
0.0
0.2
0.13333333333333333
0.0
0.0
0.0
0.0
0.0
0.06666666666666667
0.0
0.06666666666666667
0.3
0.05
0.1
0.2
0.2
0.0
0.2
0.0
0.13333333333333333
0.1
0.1
0.0
0.25
0.2
0.13333333333333333
0.0
0.4
0.05
0.06666666666666667
0.1
0.0
0.05
0.13333333333333333
0.15
0.1
0.3
0.1
0.38095238095238093
0.0
0.0
0.3
0.0
0.03333333333333333
0.0
0.1
0.16666666666666666
0.0
0.4
0.1
0.16666666666666666
0.1
0.16666666666666666
0.15
0.35
0.05
0.0
0.1
0.05
0.05
0.06666666666666667
0.0
0.35714285714285715
0.2
0.1
0.1
0.0
0.0
0.2
0.1
0.06666666666666667
0.26666666666666666
0.2
0.06666666666666667
0.0
0.05
0.1
0.65
0.1
0.3
0.1
0.06666666666666667
0.06666666666666667
0.05
0.16666666666666666
0.35
0.06666666666666667
0.13333333333333333
0.13333333333333333
0.26666666666666666
0.3333333333333333
0.0
0.23333333333333334
0.0
0.2
0.16666666666666666
0.1
0.0
0.4
0.13333333333333333
0.2
0.13333333333333333
0.16666666666666666
0.15
0.2
0.6
0.0
0.0
0.13333333333333333
0.35714285714285715
0.06666666666666667
0.05
0.06666666666666667
0.0
0.1
0.16666666666666666
0.0
0.13333333333333333
0.2
0.15
0.25
0.05
0.0
0.1
0.2
0.25
0.13333333333333333
0.13333333333333333
0.05
0.4523809523809524
0.30952380952380953
0.1
0.26666666666666666
0.0
0.06666666666666667
0.1
0.0
0.1
0.0
0.0
0.0
0.05
0.40476190476190477
0.23333333333333334
0.43333333333333335
0.25
0.0
0.36666666666666664
0.13333333333333333
0.05
0.05
0.0
0.0
0.0
0.06666666666666667
0.1
0.1
0.0
0.0
0.0
0.0
0.1
0.0
0.0
0.0
0.1
0.3333333333333333
0.0
0.1
0.13333333333333333
0.13333333333333333
0.0
0.0
0.05
0.2
0.06666666666666667
0.0
0.0
0.0
0.0
0.0
0.0
0.05
0.0
0.2
0.13333333333333333
0.05
0.0
0.4
0.05
0.06666666666666667
0.06666666666666667
0.2
0.06666666666666667
0.0
0.1
0.3
0.0
0.0
0.13333333333333333
0.05
0.0
0.2
0.3
0.0
0.26666666666666666
0.06666666666666667
0.05
0.2
0.05
0.4
0.0
0.1
0.1
0.15
0.0
0.06666666666666667
0.06666666666666667
0.05
0.0
0.06666666666666667
0.0
0.0
0.0
0.2
0.13333333333333333
0.05
0.0
0.0
0.06666666666666667
0.0
0.05
0.1
0.0
0.0
0.0
0.0
0.0
0.0
0.0
0.0
0.0
0.0
0.1
0.1
0.0
0.3
0.2
0.2
0.2
0.1
0.13333333333333333
0.0
0.1
0.0
0.06666666666666667
0.0
0.06666666666666667
0.06666666666666667
0.2
0.4
0.4
0.0
0.0
0.13333333333333333
0.05
0.0
0.0
0.0
0.0
0.0
0.0
0.0
0.06666666666666667
0.13333333333333333
0.2
0.2
0.1
0.2
0.2
0.2
0.1
0.1
0.06666666666666667
0.06666666666666667
0.1
0.36666666666666664
0.0
0.15
0.06666666666666667
0.1
0.2
0.35714285714285715
0.2
0.23333333333333334
0.4
0.0
0.1
0.0
0.1
0.1
0.1
0.0
0.0
0.30952380952380953
0.26666666666666666
0.26666666666666666
0.0
0.1
0.06666666666666667
0.1
0.05
0.06666666666666667
0.0
0.1
0.0
0.0
0.2857142857142857
0.0
0.0
0.0
0.05
0.26666666666666666
0.0
0.1
--------------------------------
top-3
0.4166666666666667
0.0
0.0
0.16666666666666666
0.16666666666666666
0.0
0.3333333333333333
0.0
0.0
0.0
0.0
0.0
0.0
0.0
0.16666666666666666
0.3333333333333333
0.3333333333333333
0.3333333333333333
0.16666666666666666
0.5
0.3333333333333333
0.16666666666666666
0.0
0.3333333333333333
0.16666666666666666
0.0
0.16666666666666666
0.0
0.0
0.0
0.08333333333333333
0.0
0.8333333333333334
0.16666666666666666
1.0
0.16666666666666666
0.16666666666666666
0.0
0.5
0.0
0.0
0.5
0.3333333333333333
0.3333333333333333
0.16666666666666666
0.0
0.5
0.3333333333333333
0.16666666666666666
0.5
0.16666666666666666
0.0
0.0
0.0
0.0
0.0
0.16666666666666666
0.16666666666666666
0.6666666666666666
0.16666666666666666
0.0
0.0
0.16666666666666666
0.0
0.0
0.16666666666666666
0.16666666666666666
0.0
0.8333333333333334
0.3333333333333333
0.3333333333333333
0.5
0.3333333333333333
0.8333333333333334
0.16666666666666666
0.3333333333333333
0.3333333333333333
0.16666666666666666
0.16666666666666666
0.8333333333333334
0.0
0.6666666666666666
0.3333333333333333
0.5
0.3333333333333333
0.25
0.8333333333333334
0.0
0.6666666666666666
0.16666666666666666
0.3333333333333333
0.3333333333333333
0.3333333333333333
0.0
0.5
0.16666666666666666
0.3333333333333333
0.0
0.0
0.0
0.3333333333333333
0.0
0.0
0.0
0.4166666666666667
0.0
0.0
0.4166666666666667
0.3333333333333333
0.0
0.16666666666666666
0.0
0.3333333333333333
0.0
0.6666666666666666
0.0
0.0
0.0
0.0
0.16666666666666666
0.0
0.3333333333333333
0.0
0.6666666666666666
0.16666666666666666
0.0
0.6666666666666666
0.0
0.16666666666666666
0.0
0.0
0.5
0.3333333333333333
0.3333333333333333
0.16666666666666666
1.0
0.0
0.3333333333333333
0.8333333333333334
0.16666666666666666
0.5
0.0
0.6666666666666666
0.6666666666666666
0.16666666666666666
0.0
0.0
0.3333333333333333
0.0
0.0
0.0
0.16666666666666666
0.0
0.0
0.0
0.0
0.3333333333333333
0.16666666666666666
0.16666666666666666
0.0
0.0
0.0
0.16666666666666666
0.0
0.0
0.0
0.0
0.0
0.5
0.0
0.0
0.0
0.25
0.35
0.4166666666666667
0.3333333333333333
0.5
0.0
0.0
0.16666666666666666
0.3333333333333333
0.3333333333333333
0.0
0.6666666666666666
0.0
0.3333333333333333
0.3333333333333333
0.0
0.0
0.3333333333333333
0.0
0.0
0.0
0.16666666666666666
0.0
0.0
0.0
0.0
0.3333333333333333
0.0
0.0
0.0
0.25
0.0
0.16666666666666666
0.3333333333333333
0.0
0.0
0.0
0.0
0.16666666666666666
0.0
0.0
0.0
0.0
0.0
0.0
0.16666666666666666
0.0
0.0
0.0
0.0
0.0
0.0
0.0
0.0
0.0
0.0
0.8333333333333334
0.0
0.3333333333333333
0.0
0.3333333333333333
0.6666666666666666
0.3333333333333333
0.16666666666666666
0.5
0.3333333333333333
0.3333333333333333
0.16666666666666666
0.5
0.16666666666666666
0.0
0.3333333333333333
0.8333333333333334
0.16666666666666666
0.45
0.0
0.0
0.0
0.0
0.0
0.3333333333333333
0.3333333333333333
0.0
0.0
0.0
0.0
0.6666666666666666
0.5
0.0
0.0
0.0
0.0
0.3333333333333333
0.3333333333333333
0.16666666666666666
0.16666666666666666
0.5
0.0
0.3333333333333333
0.0
0.6666666666666666
0.0
0.16666666666666666
0.0
0.25
0.0
0.3333333333333333
0.5
0.3333333333333333
0.5
0.0
0.5
0.0
0.3333333333333333
0.3333333333333333
0.0
0.0
0.4166666666666667
0.0
0.16666666666666666
0.0
0.0
0.16666666666666666
0.0
0.16666666666666666
0.3333333333333333
0.16666666666666666
0.5
0.6666666666666666
0.5
0.0
0.16666666666666666
0.0
0.3333333333333333
0.16666666666666666
0.4166666666666667
0.3333333333333333
0.3333333333333333
0.16666666666666666
0.3333333333333333
0.4166666666666667
0.0
0.3333333333333333
0.16666666666666666
0.0
0.0
0.9166666666666666
0.0
0.4166666666666667
0.3333333333333333
0.0
0.0
0.3333333333333333
0.3333333333333333
0.0
0.5833333333333334
0.25
0.3333333333333333
0.3333333333333333
0.8333333333333334
0.3333333333333333
0.5
0.6666666666666666
0.16666666666666666
0.16666666666666666
0.16666666666666666
0.16666666666666666
0.3333333333333333
0.6666666666666666
0.16666666666666666
0.3333333333333333
0.0
0.0
0.16666666666666666
0.0
0.16666666666666666
0.16666666666666666
0.3333333333333333
0.16666666666666666
0.16666666666666666
0.0
0.16666666666666666
0.3333333333333333
0.0
0.0
0.3333333333333333
0.0
0.3333333333333333
0.3333333333333333
0.0
0.0
0.3333333333333333
0.0
0.16666666666666666
0.0
0.3333333333333333
0.0
0.45
0.0
0.3333333333333333
0.3333333333333333
0.3333333333333333
0.6666666666666666
0.0
0.0
0.0
0.16666666666666666
0.25
0.0
0.0
0.16666666666666666
0.0
0.0
0.0
0.0
0.0
0.0
0.0
0.0
0.3333333333333333
0.0
0.0
0.0
0.3333333333333333
0.16666666666666666
0.0
0.16666666666666666
0.65
0.0
0.16666666666666666
0.3333333333333333
0.0
0.16666666666666666
0.0
0.0
0.0
0.0
0.16666666666666666
0.0
0.5
0.0
0.0
0.16666666666666666
0.0
0.0
0.16666666666666666
0.0
0.0
0.3333333333333333
0.3333333333333333
0.0
0.0
0.0
0.0
0.16666666666666666
0.3333333333333333
0.4166666666666667
0.4166666666666667
0.0
0.0
0.3333333333333333
0.16666666666666666
0.16666666666666666
0.3333333333333333
0.0
0.0
0.0
0.0
0.0
0.0
0.3333333333333333
0.3333333333333333
0.0
0.16666666666666666
0.16666666666666666
0.3333333333333333
0.6666666666666666
0.0
0.5
0.3333333333333333
0.3333333333333333
0.3333333333333333
0.8333333333333334
0.5
0.0
0.3333333333333333
0.0
0.0
0.16666666666666666
0.0
0.0
0.6666666666666666
0.0
0.0
0.0
0.16666666666666666
0.0
0.0
0.0
0.16666666666666666
0.16666666666666666
0.0
0.0
0.0
0.0
0.0
0.0
0.0
0.0
0.4166666666666667
0.16666666666666666
0.0
0.3333333333333333
0.3333333333333333
0.0
0.16666666666666666
0.0
0.0
0.16666666666666666
0.16666666666666666
0.0
0.3333333333333333
0.3333333333333333
0.0
0.0
0.3333333333333333
0.0
0.0
0.0
0.0
0.16666666666666666
0.16666666666666666
0.3333333333333333
0.3333333333333333
0.5
0.0
0.3333333333333333
0.0
0.0
0.16666666666666666
0.0
0.0
0.0
0.16666666666666666
0.0
0.0
0.16666666666666666
0.16666666666666666
0.0
0.16666666666666666
0.3333333333333333
0.0
0.25
0.0
0.0
0.0
0.16666666666666666
0.16666666666666666
0.0
0.0
0.16666666666666666
0.0
0.16666666666666666
0.3333333333333333
0.0
0.0
0.16666666666666666
0.3333333333333333
0.0
0.8333333333333334
0.0
0.0
0.0
0.0
0.0
0.75
0.3333333333333333
0.3333333333333333
0.16666666666666666
0.0
0.0
0.0
0.0
0.5
0.0
0.0
0.0
0.16666666666666666
0.5
0.0
0.16666666666666666
0.0
0.0
0.16666666666666666
0.16666666666666666
0.0
0.16666666666666666
0.16666666666666666
0.3333333333333333
0.3333333333333333
0.5
0.25
0.3333333333333333
0.5
0.0
0.0
0.3333333333333333
0.5
0.0
0.0
0.0
0.0
0.0
0.16666666666666666
0.0
0.16666666666666666
0.3333333333333333
0.3333333333333333
0.6666666666666666
0.0
0.0
0.0
0.6666666666666666
0.16666666666666666
0.16666666666666666
0.0
0.16666666666666666
0.3333333333333333
0.16666666666666666
0.16666666666666666
0.16666666666666666
0.0
0.0
0.0
0.0
0.16666666666666666
0.0
0.0
0.0
0.16666666666666666
0.3333333333333333
0.5
0.5
0.16666666666666666
0.0
0.5
0.3333333333333333
0.0
0.16666666666666666
0.0
0.0
0.0
0.0
0.16666666666666666
0.16666666666666666
0.0
0.0
0.0
0.0
0.3333333333333333
0.0
0.0
0.0
0.0
0.16666666666666666
0.0
0.16666666666666666
0.0
0.16666666666666666
0.0
0.0
0.16666666666666666
0.3333333333333333
0.0
0.0
0.0
0.0
0.0
0.0
0.0
0.0
0.0
0.16666666666666666
0.16666666666666666
0.0
0.0
0.5
0.0
0.0
0.0
0.3333333333333333
0.0
0.0
0.0
0.16666666666666666
0.0
0.0
0.0
0.16666666666666666
0.0
0.3333333333333333
0.5
0.0
0.3333333333333333
0.0
0.16666666666666666
0.4166666666666667
0.0
0.16666666666666666
0.0
0.3333333333333333
0.3333333333333333
0.0
0.0
0.0
0.0
0.16666666666666666
0.0
0.0
0.0
0.0
0.0
0.16666666666666666
0.0
0.16666666666666666
0.0
0.0
0.0
0.0
0.0
0.0
0.0
0.0
0.0
0.0
0.0
0.0
0.0
0.0
0.0
0.0
0.0
0.3333333333333333
0.0
0.3333333333333333
0.3333333333333333
0.6666666666666666
0.3333333333333333
0.3333333333333333
0.0
0.0
0.16666666666666666
0.0
0.0
0.0
0.0
0.0
0.3333333333333333
0.45
0.5
0.0
0.0
0.0
0.0
0.0
0.0
0.0
0.0
0.0
0.0
0.0
0.0
0.0
0.16666666666666666
0.16666666666666666
0.0
0.16666666666666666
0.16666666666666666
0.16666666666666666
0.16666666666666666
0.3333333333333333
0.0
0.0
0.0
0.5
0.0
0.16666666666666666
0.0
0.16666666666666666
0.3333333333333333
0.16666666666666666
0.16666666666666666
0.3333333333333333
0.6666666666666666
0.0
0.3333333333333333
0.0
0.3333333333333333
0.0
0.0
0.0
0.0
0.3333333333333333
0.3333333333333333
0.3333333333333333
0.0
0.0
0.0
0.3333333333333333
0.0
0.0
0.0
0.0
0.0
0.0
0.3333333333333333
0.0
0.0
0.0
0.0
0.16666666666666666
0.0
0.3333333333333333
