--------------------------------
top-20
0.6064516129032258
0.24210526315789474
0.525
0.4672364672364672
0.37012987012987014
0.20526315789473684
0.35375494071146246
0.48148148148148145
0.4338235294117647
0.578042328042328
0.4876847290640394
0.32153846153846155
0.43666666666666665
0.5555555555555556
0.6058201058201058
0.562807881773399
0.5783475783475783
0.5555555555555556
0.5370370370370371
0.7225806451612903
0.6647727272727273
0.15384615384615385
0.30735930735930733
0.42916666666666664
0.4828042328042328
0.15441176470588236
0.30237154150197626
0.3354978354978355
0.3786231884057971
0.1761904761904762
0.5119047619047619
0.40343915343915343
0.38537549407114624
0.48221343873517786
0.3423913043478261
0.5
0.44333333333333336
0.2573099415204678
0.5397727272727273
0.44950738916256155
0.435632183908046
0.3247863247863248
0.6216931216931217
0.7021505376344086
0.6438746438746439
0.14285714285714285
0.4933862433862434
0.5769230769230769
0.6176470588235294
0.5956989247311828
0.4311594202898551
0.4666666666666667
0.19047619047619047
0.2777777777777778
0.3888888888888889
0.4338461538461538
0.37662337662337664
0.4692028985507246
0.396011396011396
0.5566502463054187
0.4586894586894587
0.4444444444444444
0.6182266009852216
0.4
0.3476190476190476
0.44166666666666665
0.6033333333333334
0.49002849002849
0.5633333333333334
0.5343915343915344
0.475
0.42833333333333334
0.3717948717948718
0.43478260869565216
0.5574712643678161
0.5184729064039408
0.43
0.535483870967742
0.5461538461538461
0.5172043010752688
0.5135467980295566
0.5242165242165242
0.6096774193548387
0.48575498575498577
0.5900178253119429
0.5625
0.376984126984127
0.6066666666666667
0.669047619047619
0.2846153846153846
0.5331439393939394
0.3584656084656085
0.6246031746031746
0.4417989417989418
0.5666666666666667
0.3278985507246377
0.5
0.10714285714285714
0.6149193548387096
0.5413105413105413
0.16904761904761906
0.5086021505376344
0.2450592885375494
0.33695652173913043
0.6921921921921922
0.3323076923076923
0.4216666666666667
0.5603448275862069
0.44576719576719576
0.4290322580645161
0.548941798941799
0.33201058201058203
0.6666666666666666
0.33475783475783477
0.5113960113960114
0.44153846153846155
0.6619318181818182
0.6136363636363636
0.38735177865612647
0.5655270655270656
0.6327985739750446
0.6959459459459459
0.6287878787878788
0.54
0.45384615384615384
0.2707509881422925
0.36752136752136755
0.6057471264367816
0.3030769230769231
0.3423913043478261
0.5268817204301075
0.4862068965517241
0.425
0.383399209486166
0.5566502463054187
0.358695652173913
0.2969230769230769
0.595
0.5769230769230769
0.42833333333333334
0.6114942528735632
0.45108695652173914
0.3894927536231884
0.38153846153846155
0.48575498575498577
0.20615384615384616
0.3333333333333333
0.42424242424242425
0.32065217391304346
0.5
0.4927536231884058
0.4083333333333333
0.4338235294117647
0.2692307692307692
0.44285714285714284
0.6013257575757576
0.46296296296296297
0.5494252873563218
0.5137931034482759
0.5276679841897233
0.4288537549407115
0.5516666666666666
0.4686609686609687
0.5092307692307693
0.42615384615384616
0.49666666666666665
0.20476190476190476
0.38
0.46153846153846156
0.30039525691699603
0.5740740740740741
0.5661538461538461
0.596551724137931
0.5862068965517241
0.37351778656126483
0.4276923076923077
0.7147937411095305
0.6574074074074074
0.2261904761904762
0.65
0.5071225071225072
0.425
0.4866666666666667
0.43666666666666665
0.2885375494071146
0.28654970760233917
0.5826210826210826
0.274703557312253
0.22426470588235295
0.5480295566502463
0.12368421052631579
0.12867647058823528
0.5769230769230769
0.2662337662337662
0.2857142857142857
0.4829059829059829
0.3119047619047619
0.347953216374269
0.4052631578947368
0.13398692810457516
0.45471014492753625
0.5846560846560847
0.6016806722689075
0.17777777777777778
0.3677536231884058
0.18333333333333332
0.44761904761904764
0.38
0.22426470588235295
0.3852813852813853
0.6241379310344828
0.35714285714285715
0.391304347826087
0.21861471861471862
0.461038961038961
0.6461675579322638
0.33794466403162055
0.5632183908045977
0.170995670995671
0.4816666666666667
0.4801587301587302
0.391304347826087
0.5678160919540229
0.3994708994708995
0.39311594202898553
0.5470085470085471
0.65625
0.5138339920948617
0.562807881773399
0.5523076923076923
0.5246153846153846
0.5384615384615384
0.4683794466403162
0.5172413793103449
0.65625
0.6193548387096774
0.556923076923077
0.4815384615384615
0.5846153846153846
0.4445812807881773
0.4544159544159544
0.43333333333333335
0.39855072463768115
0.3861538461538462
0.5413105413105413
0.4945652173913043
0.6150537634408603
0.5965608465608465
0.39
0.49
0.44642857142857145
0.5
0.5333333333333333
0.6166666666666667
0.20526315789473684
0.4031339031339031
0.4816666666666667
0.6184615384615385
0.5430769230769231
0.44664031620553357
0.40384615384615385
0.5
0.6185383244206774
0.44642857142857145
0.5376344086021505
0.5338461538461539
0.4090909090909091
0.5
0.5181159420289855
0.32971014492753625
0.6317733990147784
0.3278985507246377
0.427536231884058
0.39723320158102765
0.589247311827957
0.24703557312252963
0.3593073593073593
0.2857142857142857
0.5781609195402299
0.4420289855072464
0.544973544973545
0.5
0.3007246376811594
0.1
0.09523809523809523
0.5529100529100529
0.35177865612648224
0.2789473684210526
0.18181818181818182
0.3961038961038961
0.19480519480519481
0.3557312252964427
0.3246753246753247
0.25889328063241107
0.3830769230769231
0.22943722943722944
0.4553846153846154
0.5883190883190883
0.6275862068965518
0.503448275862069
0.3354978354978355
0.38
0.1380952380952381
0.4230769230769231
0.3333333333333333
0.49145299145299143
0.5795698924731183
0.59375
0.37166666666666665
0.5609195402298851
0.5555555555555556
0.2885375494071146
0.5453629032258065
0.5387096774193548
0.6957983193277311
0.6287878787878788
0.36363636363636365
0.4090909090909091
0.4947089947089947
0.5833333333333334
0.4722222222222222
0.3242753623188406
0.47384615384615386
0.2916666666666667
0.338768115942029
0.4221014492753623
0.47692307692307695
0.4430769230769231
0.27056277056277056
0.646551724137931
0.47783251231527096
0.5116666666666667
0.33116883116883117
0.6682539682539682
0.4866666666666667
0.08095238095238096
0.5723076923076923
0.2845849802371542
0.2898550724637681
0.31601731601731603
0.34833333333333333
0.6236559139784946
0.5754985754985755
0.2707509881422925
0.46195652173913043
0.6648841354723708
0.46557971014492755
0.5482758620689655
0.2984189723320158
0.47883597883597884
0.08095238095238096
0.4420289855072464
0.49567099567099565
0.5016666666666667
0.2984189723320158
0.15800865800865802
0.45666666666666667
0.38166666666666665
0.525974025974026
0.34189723320158105
0.3894736842105263
0.46904761904761905
0.49538461538461537
0.6164021164021164
0.6330049261083743
0.67825311942959
0.5066137566137566
0.3722943722943723
0.44017094017094016
0.5623655913978495
0.6732804232804233
0.6592741935483871
0.5327635327635327
0.6505681818181818
0.6981981981981982
0.3641304347826087
0.47384615384615386
0.3932806324110672
0.5655913978494623
0.5923645320197044
0.2597402597402597
0.3221343873517787
0.30632411067193677
0.3713768115942029
0.24110671936758893
0.18181818181818182
0.2077922077922078
0.3221343873517787
0.2523809523809524
0.33794466403162055
0.28846153846153844
0.2357142857142857
0.2450592885375494
0.4927536231884058
0.395
0.5261538461538462
0.5555555555555556
0.38537549407114624
0.383399209486166
0.6280788177339901
0.3893280632411067
0.14502164502164502
0.46923076923076923
0.6080459770114942
0.5398550724637681
0.5307881773399015
0.24473684210526317
0.3051948051948052
0.3142292490118577
0.15526315789473685
0.46296296296296297
0.4658119658119658
0.4816666666666667
0.6246153846153846
0.6068965517241379
0.24166666666666667
0.22529644268774704
0.1880952380952381
0.4025974025974026
0.6091954022988506
0.4841897233201581
0.27380952380952384
0.24285714285714285
0.1763157894736842
0.09848484848484848
0.1261904761904762
0.34782608695652173
0.603448275862069
0.11988304093567251
0.22380952380952382
0.26406926406926406
0.5
0.43873517786561267
0.30128205128205127
0.47435897435897434
0.3111111111111111
0.3333333333333333
0.2619047619047619
0.3976190476190476
0.3333333333333333
0.3333333333333333
0.3888888888888889
0.18333333333333332
0.3675889328063241
0.33116883116883117
0.5712250712250713
0.47692307692307695
0.5923076923076923
0.4700854700854701
0.4766666666666667
0.635632183908046
0.5740740740740741
0.625615763546798
0.5341880341880342
0.625615763546798
0.3404761904761905
0.21428571428571427
0.3641304347826087
0.19210526315789472
0.3104575163398693
1.0
0.40384615384615385
0.43956043956043955
0.30833333333333335
0.18095238095238095
0.18055555555555555
0.43333333333333335
0.5
0.44642857142857145
0.16666666666666666
0.16666666666666666
0.6361344537815126
0.5427350427350427
0.4
0.5071225071225072
0.6045977011494252
0.3967391304347826
0.19281045751633988
0.16233766233766234
0.18421052631578946
0.1645021645021645
0.6045977011494252
0.4963768115942029
0.5394088669950738
0.4066666666666667
0.29833333333333334
0.2924901185770751
0.5357142857142857
0.41699604743083
0.3707692307692308
0.35507246376811596
0.594017094017094
0.506896551724138
0.5492307692307692
0.46615384615384614
0.30303030303030304
0.2878787878787879
0.30735930735930733
0.38666666666666666
0.42735042735042733
0.5246153846153846
0.4031620553359684
0.5691699604743083
0.4430769230769231
0.30952380952380953
0.40398550724637683
0.35688405797101447
0.12179487179487179
0.47011494252873565
1.0
0.5277777777777778
0.19210526315789472
0.6666666666666666
0.10294117647058823
0.25476190476190474
0.3794466403162055
0.0915032679738562
1.0
0.5707692307692308
0.5357142857142857
0.4369230769230769
0.5344827586206896
0.40343915343915343
0.5156695156695157
0.5113960113960114
0.5527065527065527
0.5185185185185185
0.5541310541310541
0.4775132275132275
0.5046153846153846
0.5271739130434783
0.1442687747035573
0.5559139784946237
0.4938461538461538
0.4666666666666667
0.6546218487394958
0.4841897233201581
0.29891304347826086
0.503448275862069
0.44
0.4757834757834758
0.41748768472906406
0.5851449275362319
0.5030769230769231
0.5555555555555556
0.315
0.5612648221343873
0.5886243386243386
0.6358695652173914
0.47833333333333333
0.3351449275362319
0.35064935064935066
0.5015384615384615
0.4193121693121693
0.2692307692307692
0.42450142450142453
0.22294372294372294
0.4187192118226601
0.41304347826086957
0.395
0.5227920227920227
0.5476190476190477
0.49538461538461537
0.5172413793103449
0.405
0.44
0.5079365079365079
0.4586894586894587
0.5261538461538462
0.4169230769230769
0.5938461538461538
0.49572649572649574
0.5163043478260869
0.6225806451612903
0.4601449275362319
0.38666666666666666
0.3188405797101449
0.33636363636363636
0.47692307692307695
0.5033333333333333
0.4105263157894737
0.5846560846560847
0.1388888888888889
0.09047619047619047
0.5307692307692308
0.2490118577075099
0.24761904761904763
0.09523809523809523
0.24725274725274726
0.30303030303030304
0.23376623376623376
0.2
0.2857142857142857
0.25296442687747034
0.27380952380952384
0.22426470588235295
0.41025641025641024
0.40476190476190477
0.3359683794466403
0.6145320197044335
0.6936507936507936
0.37
0.6182266009852216
0.31833333333333336
0.14285714285714285
0.2857142857142857
0.22077922077922077
0.6666666666666666
0.16666666666666666
0.1380952380952381
0.34444444444444444
0.25824175824175827
0.624731182795699
0.5123076923076924
0.4927536231884058
0.335
0.16233766233766234
0.09473684210526316
0.43666666666666665
0.6666666666666666
0.2953216374269006
0.3333333333333333
0.3333333333333333
0.2857142857142857
0.2536764705882353
0.20789473684210527
0.11666666666666667
0.038011695906432746
0.24456521739130435
0.3181818181818182
0.17777777777777778
0.26052631578947366
0.075
0.20416666666666666
0.5138888888888888
0.5178571428571429
0.375
0.21861471861471862
0.16233766233766234
0.2015810276679842
0.2633333333333333
0.17316017316017315
0.5
0.15367965367965367
0.0880952380952381
0.26679841897233203
0.19047619047619047
0.3333333333333333
0.11842105263157894
0.5357142857142857
0.44642857142857145
0.6666666666666666
1.0
0.5320197044334976
0.3923076923076923
0.43166666666666664
1.0
0.1
0.5826210826210826
1.0
0.25824175824175827
0.2692307692307692
0.4257246376811594
0.30952380952380953
0.5
0.6666666666666666
1.0
0.6666666666666666
0.30303030303030304
0.4057971014492754
0.09047619047619047
0.4301994301994302
0.391304347826087
0.16233766233766234
0.3782051282051282
0.41846153846153844
0.13333333333333333
0.34057971014492755
0.08571428571428572
0.1783625730994152
0.2222222222222222
0.26666666666666666
0.1111111111111111
0.2692307692307692
0.4209486166007905
0.23636363636363636
0.2642857142857143
0.2922077922077922
0.17424242424242425
0.1794871794871795
0.16666666666666666
0.16666666666666666
0.7
1.0
0.26679841897233203
0.34601449275362317
0.2789473684210526
0.36796536796536794
0.4791666666666667
0.2196969696969697
0.45098039215686275
1.0
0.5666666666666667
0.34545454545454546
0.42857142857142855
0.75
0.4666666666666667
0.3333333333333333
0.3333333333333333
0.75
0.6666666666666666
0.65
0.3774703557312253
0.2857142857142857
0.37777777777777777
0.2032967032967033
0.2826086956521739
0.15526315789473685
0.24736842105263157
0.4373219373219373
0.2748917748917749
0.42083333333333334
0.195906432748538
0.5370370370370371
0.36796536796536794
0.37549407114624506
0.3713768115942029
0.33636363636363636
0.2857142857142857
0.4031620553359684
0.2026315789473684
0.30303030303030304
0.4
0.5
0.36363636363636365
1.0
0.6666666666666666
0.1
0.1
0.1
0.1
1.0
1.0
0.5192307692307693
0.36666666666666664
0.09090909090909091
0.09090909090909091
0.2125
0.09090909090909091
0.09090909090909091
0.09090909090909091
0.4166666666666667
0.3333333333333333
0.26666666666666666
0.26666666666666666
0.3409090909090909
0.46166666666666667
0.3736842105263158
0.3677536231884058
0.22807017543859648
0.3852813852813853
0.43166666666666664
0.325
0.5370370370370371
0.5292307692307693
0.4772079772079772
0.17857142857142858
0.24509803921568626
0.4551282051282051
0.31666666666666665
1.0
0.4209486166007905
0.3161764705882353
0.3161764705882353
0.3380952380952381
0.17857142857142858
0.17857142857142858
0.2361111111111111
0.21428571428571427
0.4835164835164835
0.434640522875817
0.32083333333333336
0.3560606060606061
0.3939393939393939
0.23160173160173161
0.15359477124183007
0.20833333333333334
0.30392156862745096
0.5972222222222222
0.3333333333333333
0.3333333333333333
0.33636363636363636
0.44642857142857145
0.3333333333333333
0.6190476190476191
--------------------------------
top-10
0.7456140350877193
0.4551282051282051
0.5916666666666667
0.5992647058823529
0.5192307692307693
0.4015151515151515
0.5
0.6025641025641025
0.6346153846153846
0.6176470588235294
0.6
0.3956043956043956
0.5523809523809524
0.6654411764705882
0.738562091503268
0.6601307189542484
0.7397660818713451
0.7017543859649122
0.6797385620915033
0.75
0.7076023391812866
0.18181818181818182
0.5705128205128205
0.532051282051282
0.6633986928104575
0.3
0.3901098901098901
0.5384615384615384
0.42857142857142855
0.29545454545454547
0.6666666666666666
0.3791208791208791
0.5934065934065934
0.5833333333333334
0.553030303030303
0.7280701754385965
0.6437908496732027
0.4166666666666667
0.40476190476190477
0.36666666666666664
0.3626373626373626
0.358974358974359
0.716374269005848
0.7578947368421053
0.7875816993464052
0.18181818181818182
0.6
0.6190476190476191
0.6286764705882353
0.7536764705882353
0.6
0.5047619047619047
0.19047619047619047
0.2777777777777778
0.3888888888888889
0.5439560439560439
0.6476190476190476
0.6333333333333333
0.5439560439560439
0.5375
0.5791666666666667
0.5
0.7309941520467836
0.4
0.48717948717948717
0.6416666666666667
0.725
0.6654411764705882
0.6654411764705882
0.6838235294117647
0.6830065359477124
0.4835164835164835
0.3974358974358974
0.6285714285714286
0.6580882352941176
0.5142857142857142
0.5952380952380952
0.55
0.725
0.5791666666666667
0.6476190476190476
0.7058823529411765
0.7426900584795322
0.6838235294117647
0.6791666666666667
0.5698529411764706
0.32967032967032966
0.7485380116959064
0.6397058823529411
0.25
0.5619047619047619
0.19696969696969696
0.6029411764705882
0.5
0.7610294117647058
0.5128205128205128
0.5989010989010989
0.23636363636363636
0.7552631578947369
0.6929824561403509
0.32727272727272727
0.5190476190476191
0.3484848484848485
0.5
0.695906432748538
0.4621212121212121
0.5166666666666667
0.7095588235294118
0.6813186813186813
0.3974358974358974
0.6083333333333333
0.4393939393939394
0.7046783625730995
0.3525641025641026
0.6916666666666667
0.41208791208791207
0.7605263157894737
0.6894736842105263
0.5641025641025641
0.673202614379085
0.6241830065359477
0.6695906432748538
0.7473684210526316
0.6333333333333333
0.5958333333333333
0.3712121212121212
0.5192307692307693
0.6286764705882353
0.48484848484848486
0.4945054945054945
0.6041666666666666
0.4166666666666667
0.5512820512820513
0.7371794871794872
0.6812865497076024
0.4551282051282051
0.47435897435897434
0.75
0.6838235294117647
0.5879120879120879
0.6928104575163399
0.6238095238095238
0.5095238095238095
0.4714285714285714
0.6166666666666667
0.14393939393939395
0.5192307692307693
0.6428571428571429
0.5164835164835165
0.5
0.65
0.5047619047619047
0.5439560439560439
0.3181818181818182
0.5
0.5164835164835165
0.489010989010989
0.6066176470588235
0.6428571428571429
0.7316176470588235
0.6208791208791209
0.6988304093567251
0.5142857142857142
0.7333333333333333
0.5875
0.7169117647058824
0.3106060606060606
0.5512820512820513
0.575
0.4340659340659341
0.6862745098039216
0.7291666666666666
0.7156862745098039
0.7483660130718954
0.6060606060606061
0.4708333333333333
0.7631578947368421
0.7058823529411765
0.45454545454545453
0.65
0.6862745098039216
0.6323529411764706
0.6360294117647058
0.5833333333333334
0.5448717948717948
0.3974358974358974
0.7418300653594772
0.4423076923076923
0.3106060606060606
0.6208333333333333
0.22727272727272727
0.20909090909090908
0.6895424836601307
0.41025641025641024
0.2857142857142857
0.6838235294117647
0.5454545454545454
0.5641025641025641
0.6483516483516484
0.37272727272727274
0.6593406593406593
0.6323529411764706
0.5294117647058824
0.17777777777777778
0.4935897435897436
0.21818181818181817
0.6538461538461539
0.5523809523809524
0.3181818181818182
0.5641025641025641
0.75
0.5064102564102564
0.554945054945055
0.4696969696969697
0.6538461538461539
0.7105263157894737
0.4551282051282051
0.7022058823529411
0.21818181818181817
0.6095238095238096
0.5808823529411765
0.5952380952380952
0.7105263157894737
0.5833333333333334
0.5494505494505495
0.6416666666666667
0.7514619883040936
0.7
0.7251461988304093
0.6583333333333333
0.6333333333333333
0.6285714285714286
0.6483516483516484
0.5761904761904761
0.7543859649122807
0.6838235294117647
0.680952380952381
0.5952380952380952
0.7058823529411765
0.5054945054945055
0.48095238095238096
0.6153846153846154
0.4935897435897436
0.5916666666666667
0.6875
0.6428571428571429
0.7807017543859649
0.7091503267973857
0.42857142857142855
0.6476190476190476
0.44642857142857145
0.5
0.5333333333333333
0.7416666666666667
0.32051282051282054
0.5164835164835165
0.7476190476190476
0.6571428571428571
0.6952380952380952
0.5958333333333333
0.42948717948717946
0.5
0.6580882352941176
0.44642857142857145
0.5845588235294118
0.6360294117647058
0.6
0.7
0.6125
0.5512820512820513
0.7605263157894737
0.5164835164835165
0.580952380952381
0.5833333333333334
0.6213235294117647
0.3409090909090909
0.46153846153846156
0.40384615384615385
0.6842105263157895
0.5619047619047619
0.7124183006535948
0.5476190476190477
0.3791208791208791
0.19090909090909092
0.16363636363636364
0.7254901960784313
0.4857142857142857
0.4230769230769231
0.2
0.6333333333333333
0.32575757575757575
0.4835164835164835
0.5833333333333334
0.45454545454545453
0.6593406593406593
0.3560606060606061
0.6142857142857143
0.6691176470588235
0.6209150326797386
0.5882352941176471
0.5512820512820513
0.4708333333333333
0.2
0.6043956043956044
0.4727272727272727
0.5698529411764706
0.5955882352941176
0.6102941176470589
0.5769230769230769
0.6323529411764706
0.6360294117647058
0.5164835164835165
0.4523809523809524
0.6323529411764706
0.7578947368421053
0.7046783625730995
0.5576923076923077
0.4142857142857143
0.6580882352941176
0.7573099415204678
0.5666666666666667
0.5
0.6333333333333333
0.36538461538461536
0.5378787878787878
0.6125
0.6397058823529411
0.48095238095238096
0.44871794871794873
0.75
0.5588235294117647
0.6985294117647058
0.5961538461538461
0.6812865497076024
0.6213235294117647
0.11818181818181818
0.6625
0.4015151515151515
0.42948717948717946
0.41025641025641024
0.358974358974359
0.7389705882352942
0.7026143790849673
0.4935897435897436
0.5380952380952381
0.7552631578947369
0.6538461538461539
0.6654411764705882
0.3333333333333333
0.5833333333333334
0.12727272727272726
0.6544117647058824
0.6857142857142857
0.6066176470588235
0.5384615384615384
0.2803030303030303
0.5416666666666666
0.4551282051282051
0.675
0.5512820512820513
0.5857142857142857
0.6208791208791209
0.6583333333333333
0.7058823529411765
0.7605263157894737
0.7280701754385965
0.7320261437908496
0.48095238095238096
0.5238095238095238
0.6013071895424836
0.7514619883040936
0.7573099415204678
0.7208333333333333
0.7156862745098039
0.673202614379085
0.46703296703296704
0.7132352941176471
0.5384615384615384
0.5952380952380952
0.5919117647058824
0.4166666666666667
0.5054945054945055
0.3525641025641026
0.6
0.27564102564102566
0.26666666666666666
0.4393939393939394
0.6153846153846154
0.3181818181818182
0.4935897435897436
0.3181818181818182
0.42727272727272725
0.40384615384615385
0.6375
0.6095238095238096
0.7166666666666667
0.6691176470588235
0.5989010989010989
0.532051282051282
0.7578947368421053
0.6318681318681318
0.20454545454545456
0.5952380952380952
0.7368421052631579
0.6541666666666667
0.5989010989010989
0.38636363636363635
0.5757575757575758
0.42424242424242425
0.23636363636363636
0.5
0.6
0.6904761904761905
0.7280701754385965
0.7368421052631579
0.3106060606060606
0.32051282051282054
0.24242424242424243
0.5705128205128205
0.7394736842105263
0.6958333333333333
0.5274725274725275
0.5
0.4636363636363636
0.14444444444444443
0.2727272727272727
0.5439560439560439
0.6947368421052632
0.3
0.44871794871794873
0.4807692307692308
0.5
0.5571428571428572
0.3333333333333333
0.5454545454545454
0.3111111111111111
0.3333333333333333
0.4230769230769231
0.5571428571428572
0.3333333333333333
0.3333333333333333
0.45054945054945056
0.3181818181818182
0.5989010989010989
0.5494505494505495
0.6993464052287581
0.6323529411764706
0.7679738562091504
0.5698529411764706
0.5958333333333333
0.7339181286549707
0.696078431372549
0.7450980392156863
0.7291666666666666
0.7605263157894737
0.5274725274725275
0.21428571428571427
0.5714285714285714
0.32575757575757575
0.4551282051282051
1.0
0.4358974358974359
0.46794871794871795
0.5151515151515151
0.2909090909090909
0.18055555555555555
0.43333333333333335
0.5
0.44642857142857145
0.16666666666666666
0.16666666666666666
0.6633986928104575
0.7426900584795322
0.4
0.6433823529411765
0.7418300653594772
0.6476190476190476
0.2878787878787879
0.26515151515151514
0.2878787878787879
0.2727272727272727
0.7578947368421053
0.7095588235294118
0.7058823529411765
0.5571428571428572
0.3076923076923077
0.4935897435897436
0.6666666666666666
0.6333333333333333
0.5625
0.5659340659340659
0.6797385620915033
0.6666666666666666
0.6617647058823529
0.6764705882352942
0.3106060606060606
0.45054945054945056
0.4725274725274725
0.6263736263736264
0.5164835164835165
0.6895424836601307
0.5958333333333333
0.7573529411764706
0.4714285714285714
0.5769230769230769
0.5916666666666667
0.47802197802197804
0.2638888888888889
0.49166666666666664
1.0
0.5277777777777778
0.32575757575757575
0.6666666666666666
0.17777777777777778
0.3782051282051282
0.6089743589743589
0.14545454545454545
1.0
0.6544117647058824
0.6625
0.5
0.6617647058823529
0.5164835164835165
0.6405228758169934
0.5882352941176471
0.6397058823529411
0.625
0.6699346405228758
0.6666666666666666
0.625
0.5955882352941176
0.15454545454545454
0.6291666666666667
0.625
0.5142857142857142
0.7026143790849673
0.5661764705882353
0.47802197802197804
0.5083333333333333
0.5791666666666667
0.6791666666666667
0.32967032967032966
0.7189542483660131
0.6801470588235294
0.6801470588235294
0.44505494505494503
0.6416666666666667
0.7552631578947369
0.6875
0.6029411764705882
0.5
0.4065934065934066
0.6507352941176471
0.5523809523809524
0.3181818181818182
0.638095238095238
0.3409090909090909
0.4935897435897436
0.5333333333333333
0.5
0.7132352941176471
0.7375
0.6102941176470589
0.7083333333333334
0.5625
0.5666666666666667
0.6568627450980392
0.6813186813186813
0.6397058823529411
0.554945054945055
0.6699346405228758
0.5375
0.6041666666666666
0.6797385620915033
0.6758241758241759
0.5291666666666667
0.34065934065934067
0.33636363636363636
0.575
0.6166666666666667
0.48717948717948717
0.5919117647058824
0.1388888888888889
0.17272727272727273
0.7516339869281046
0.3076923076923077
0.4807692307692308
0.19090909090909092
0.36363636363636365
0.4857142857142857
0.4909090909090909
0.2
0.2857142857142857
0.4166666666666667
0.5833333333333334
0.3106060606060606
0.5619047619047619
0.5494505494505495
0.6025641025641025
0.7309941520467836
0.7189542483660131
0.3516483516483517
0.7631578947368421
0.3241758241758242
0.18181818181818182
0.2857142857142857
0.30303030303030304
0.6666666666666666
0.16666666666666666
0.35454545454545455
0.34444444444444444
0.30303030303030304
0.7485380116959064
0.6
0.7132352941176471
0.5164835164835165
0.2727272727272727
0.17272727272727273
0.6066176470588235
0.6666666666666666
0.5757575757575758
0.3333333333333333
0.3333333333333333
0.2857142857142857
0.5181818181818182
0.3712121212121212
0.17272727272727273
0.14444444444444443
0.28846153846153844
0.3181818181818182
0.17777777777777778
0.46794871794871795
0.15454545454545454
0.41818181818181815
0.5138888888888888
0.5178571428571429
0.375
0.38461538461538464
0.2803030303030303
0.3717948717948718
0.4423076923076923
0.30303030303030304
0.5
0.33636363636363636
0.24545454545454545
0.391025641025641
0.4727272727272727
0.3333333333333333
0.24545454545454545
0.5357142857142857
0.44642857142857145
0.6666666666666666
1.0
0.6838235294117647
0.6153846153846154
0.5142857142857142
1.0
0.18181818181818182
0.7058823529411765
1.0
0.30303030303030304
0.33636363636363636
0.5989010989010989
0.30952380952380953
0.5
0.6666666666666666
1.0
0.6666666666666666
0.4393939393939394
0.5571428571428572
0.16363636363636364
0.5824175824175825
0.5625
0.39090909090909093
0.3939393939393939
0.5857142857142857
0.23636363636363636
0.5128205128205128
0.16363636363636364
0.44545454545454544
0.2222222222222222
0.26666666666666666
0.2
0.34545454545454546
0.6428571428571429
0.28888888888888886
0.42948717948717946
0.4340659340659341
0.3194444444444444
0.3111111111111111
0.28888888888888886
0.28888888888888886
0.7
1.0
0.41904761904761906
0.5714285714285714
0.42948717948717946
0.638095238095238
0.554945054945055
0.3111111111111111
0.6098901098901099
1.0
0.5666666666666667
0.4
0.42857142857142855
0.75
0.4666666666666667
0.3333333333333333
0.3333333333333333
0.75
0.6666666666666666
0.65
0.5769230769230769
0.2857142857142857
0.37777777777777777
0.33636363636363636
0.45054945054945056
0.4090909090909091
0.45454545454545453
0.5661764705882353
0.5054945054945055
0.4935897435897436
0.29545454545454547
0.7397660818713451
0.5934065934065934
0.638095238095238
0.5934065934065934
0.4111111111111111
0.2857142857142857
0.6333333333333333
0.4015151515151515
0.532967032967033
0.4
0.5
0.3787878787878788
1.0
0.6666666666666666
0.1
0.1
0.1
0.1
1.0
1.0
0.553030303030303
0.36666666666666664
0.09090909090909091
0.09090909090909091
0.22727272727272727
0.09090909090909091
0.09090909090909091
0.09090909090909091
0.6238095238095238
0.3333333333333333
0.26666666666666666
0.26666666666666666
0.3484848484848485
0.6911764705882353
0.6428571428571429
0.5904761904761905
0.5727272727272728
0.5875
0.6213235294117647
0.4095238095238095
0.7552631578947369
0.7124183006535948
0.6727941176470589
0.17857142857142858
0.30303030303030304
0.5227272727272727
0.5619047619047619
1.0
0.6285714285714286
0.5378787878787878
0.5378787878787878
0.42424242424242425
0.17857142857142858
0.17857142857142858
0.2361111111111111
0.21428571428571427
0.5128205128205128
0.521978021978022
0.4166666666666667
0.36363636363636365
0.4636363636363636
0.4551282051282051
0.2727272727272727
0.34545454545454546
0.40384615384615385
0.5972222222222222
0.3333333333333333
0.3333333333333333
0.35454545454545455
0.44642857142857145
0.3333333333333333
0.6190476190476191
--------------------------------
top-5
0.7777777777777778
0.7222222222222222
0.48214285714285715
0.5972222222222222
0.6071428571428571
0.5952380952380952
0.42857142857142855
0.625
0.8194444444444444
0.5476190476190477
0.6944444444444444
0.38095238095238093
0.7444444444444445
0.7777777777777778
0.7444444444444445
0.6111111111111112
0.7666666666666667
0.7083333333333334
0.6944444444444444
0.7444444444444445
0.7361111111111112
0.3333333333333333
0.6428571428571429
0.75
0.6111111111111112
0.6
0.38095238095238093
0.6428571428571429
0.42857142857142855
0.4523809523809524
0.7777777777777778
0.3333333333333333
0.7444444444444445
0.6428571428571429
0.7678571428571429
0.7555555555555555
0.7555555555555555
0.5476190476190477
0.4666666666666667
0.42857142857142855
0.2857142857142857
0.3333333333333333
0.7777777777777778
0.5444444444444444
0.6666666666666666
0.4
0.6111111111111112
0.6666666666666666
0.6666666666666666
0.7777777777777778
0.5714285714285714
0.625
0.4
0.4666666666666667
0.7333333333333333
0.75
0.7222222222222222
0.7361111111111112
0.6785714285714286
0.6607142857142857
0.6666666666666666
0.5
0.7444444444444445
0.4
0.7142857142857143
0.7666666666666667
0.7777777777777778
0.7666666666666667
0.6388888888888888
0.7083333333333334
0.7777777777777778
0.5892857142857143
0.42857142857142855
0.75
0.7444444444444445
0.5535714285714286
0.6805555555555556
0.6111111111111112
0.7777777777777778
0.5972222222222222
0.7666666666666667
0.7222222222222222
0.7777777777777778
0.6944444444444444
0.6666666666666666
0.5714285714285714
0.35714285714285715
0.7777777777777778
0.6607142857142857
0.3
0.6111111111111112
0.16666666666666666
0.6785714285714286
0.48214285714285715
0.7678571428571429
0.5892857142857143
0.6805555555555556
0.36666666666666664
0.7555555555555555
0.7444444444444445
0.5714285714285714
0.6666666666666666
0.47619047619047616
0.6527777777777778
0.6944444444444444
0.5952380952380952
0.42857142857142855
0.7619047619047619
0.7777777777777778
0.6666666666666666
0.6785714285714286
0.38095238095238093
0.7222222222222222
0.5476190476190477
0.75
0.4107142857142857
0.7777777777777778
0.7222222222222222
0.7222222222222222
0.7777777777777778
0.6111111111111112
0.7777777777777778
0.7666666666666667
0.7666666666666667
0.7777777777777778
0.40476190476190477
0.6071428571428571
0.6666666666666666
0.7142857142857143
0.5892857142857143
0.7222222222222222
0.2857142857142857
0.6785714285714286
0.75
0.6388888888888888
0.4666666666666667
0.5178571428571429
0.8194444444444444
0.7777777777777778
0.7222222222222222
0.6666666666666666
0.6944444444444444
0.6428571428571429
0.5
0.5416666666666666
0.36666666666666664
0.6527777777777778
0.8035714285714286
0.6944444444444444
0.5
0.6944444444444444
0.5357142857142857
0.6666666666666666
0.5
0.7083333333333334
0.8
0.48214285714285715
0.625
0.6944444444444444
0.7777777777777778
0.6527777777777778
0.6944444444444444
0.6071428571428571
0.7666666666666667
0.625
0.7777777777777778
0.5714285714285714
0.5476190476190477
0.6607142857142857
0.5238095238095238
0.7222222222222222
0.75
0.7666666666666667
0.7638888888888888
0.75
0.40476190476190477
0.7777777777777778
0.7666666666666667
0.6805555555555556
0.65
0.7444444444444445
0.7222222222222222
0.7777777777777778
0.6111111111111112
0.8214285714285714
0.6428571428571429
0.7777777777777778
0.6964285714285714
0.5476190476190477
0.7777777777777778
0.36666666666666664
0.23333333333333334
0.7666666666666667
0.38095238095238093
0.3333333333333333
0.7555555555555555
0.7142857142857143
0.7638888888888888
0.75
0.6190476190476191
0.7777777777777778
0.7638888888888888
0.5535714285714286
0.26666666666666666
0.6111111111111112
0.3333333333333333
0.6666666666666666
0.7444444444444445
0.5238095238095238
0.7678571428571429
0.7444444444444445
0.625
0.6805555555555556
0.6964285714285714
0.6555555555555556
0.7666666666666667
0.5714285714285714
0.7666666666666667
0.3333333333333333
0.6607142857142857
0.48214285714285715
0.6607142857142857
0.7638888888888888
0.6944444444444444
0.7857142857142857
0.6805555555555556
0.7555555555555555
0.7666666666666667
0.7555555555555555
0.7777777777777778
0.7555555555555555
0.7083333333333334
0.7361111111111112
0.7666666666666667
0.7777777777777778
0.6805555555555556
0.7777777777777778
0.7555555555555555
0.7777777777777778
0.5714285714285714
0.5238095238095238
0.7555555555555555
0.6785714285714286
0.7083333333333334
0.7666666666666667
0.6111111111111112
0.7666666666666667
0.7777777777777778
0.5833333333333334
0.7361111111111112
0.5238095238095238
0.5
0.5333333333333333
0.7777777777777778
0.26666666666666666
0.6388888888888888
0.8194444444444444
0.7666666666666667
0.7857142857142857
0.6944444444444444
0.6428571428571429
0.5
0.7777777777777778
0.5238095238095238
0.5694444444444444
0.6666666666666666
0.625
0.7555555555555555
0.75
0.7361111111111112
0.7777777777777778
0.7083333333333334
0.6805555555555556
0.6428571428571429
0.7777777777777778
0.47619047619047616
0.5714285714285714
0.4523809523809524
0.6527777777777778
0.6071428571428571
0.7666666666666667
0.625
0.47619047619047616
0.3333333333333333
0.3
0.8333333333333334
0.5
0.6071428571428571
0.4
0.7666666666666667
0.5238095238095238
0.625
0.6944444444444444
0.5476190476190477
0.7083333333333334
0.5952380952380952
0.7916666666666666
0.8055555555555556
0.6527777777777778
0.5357142857142857
0.7916666666666666
0.3333333333333333
0.3333333333333333
0.7083333333333334
0.6333333333333333
0.5972222222222222
0.6388888888888888
0.625
0.625
0.5833333333333334
0.7777777777777778
0.4861111111111111
0.4107142857142857
0.6388888888888888
0.7777777777777778
0.7222222222222222
0.6944444444444444
0.42857142857142855
0.75
0.7777777777777778
0.6805555555555556
0.7638888888888888
0.7444444444444445
0.47619047619047616
0.7321428571428571
0.6964285714285714
0.6111111111111112
0.2
0.6
0.7666666666666667
0.44642857142857145
0.7555555555555555
0.7638888888888888
0.5972222222222222
0.6805555555555556
0.06666666666666667
0.7777777777777778
0.5
0.5
0.47619047619047616
0.40476190476190477
0.7444444444444445
0.7777777777777778
0.625
0.6944444444444444
0.7666666666666667
0.7777777777777778
0.75
0.4666666666666667
0.75
0.16666666666666666
0.7777777777777778
0.7857142857142857
0.625
0.7083333333333334
0.3333333333333333
0.5714285714285714
0.5714285714285714
0.7666666666666667
0.6964285714285714
0.6428571428571429
0.8035714285714286
0.7361111111111112
0.7678571428571429
0.7666666666666667
0.7777777777777778
0.7444444444444445
0.5892857142857143
0.5892857142857143
0.4642857142857143
0.7666666666666667
0.7666666666666667
0.7777777777777778
0.7666666666666667
0.625
0.47619047619047616
0.7777777777777778
0.6666666666666666
0.6666666666666666
0.5892857142857143
0.625
0.7083333333333334
0.5
0.6805555555555556
0.43333333333333335
0.5714285714285714
0.7142857142857143
0.7333333333333333
0.5476190476190477
0.6607142857142857
0.5
0.625
0.48214285714285715
0.7444444444444445
0.7555555555555555
0.7777777777777778
0.7555555555555555
0.7857142857142857
0.7222222222222222
0.7777777777777778
0.7638888888888888
0.26666666666666666
0.6666666666666666
0.7111111111111111
0.5892857142857143
0.6388888888888888
0.7380952380952381
0.75
0.6904761904761905
0.36666666666666664
0.47619047619047616
0.7083333333333334
0.75
0.7666666666666667
0.7666666666666667
0.5238095238095238
0.6
0.3333333333333333
0.6071428571428571
0.7666666666666667
0.7333333333333333
0.7333333333333333
0.625
0.6904761904761905
0.4
0.42857142857142855
0.6944444444444444
0.6444444444444445
0.3333333333333333
0.5
0.6190476190476191
0.5
0.625
0.5714285714285714
0.7083333333333334
0.5476190476190477
0.3333333333333333
0.6785714285714286
0.7111111111111111
0.3333333333333333
0.3333333333333333
0.5357142857142857
0.5238095238095238
0.7333333333333333
0.6607142857142857
0.7777777777777778
0.6388888888888888
0.7777777777777778
0.5972222222222222
0.7619047619047619
0.7777777777777778
0.7666666666666667
0.7666666666666667
0.7666666666666667
0.7666666666666667
0.7777777777777778
0.26666666666666666
0.6388888888888888
0.5238095238095238
0.6785714285714286
1.0
0.6785714285714286
0.625
0.6785714285714286
0.47619047619047616
0.4
0.5952380952380952
0.5476190476190477
0.5238095238095238
0.25
0.25
0.7638888888888888
0.7555555555555555
0.4
0.7777777777777778
0.7777777777777778
0.6388888888888888
0.38095238095238093
0.38095238095238093
0.38095238095238093
0.38095238095238093
0.7777777777777778
0.7777777777777778
0.7777777777777778
0.625
0.23333333333333334
0.7321428571428571
0.7666666666666667
0.7444444444444445
0.6428571428571429
0.7083333333333334
0.6805555555555556
0.7666666666666667
0.6805555555555556
0.7678571428571429
0.5
0.6904761904761905
0.5476190476190477
0.75
0.7857142857142857
0.7444444444444445
0.6964285714285714
0.7777777777777778
0.47619047619047616
0.6964285714285714
0.625
0.5833333333333334
0.5238095238095238
0.4107142857142857
1.0
0.6428571428571429
0.42857142857142855
0.6666666666666666
0.2
0.5714285714285714
0.8194444444444444
0.13333333333333333
1.0
0.6388888888888888
0.7777777777777778
0.5714285714285714
0.6527777777777778
0.5714285714285714
0.6666666666666666
0.5892857142857143
0.7678571428571429
0.5357142857142857
0.6944444444444444
0.7555555555555555
0.6666666666666666
0.6111111111111112
0.3
0.7638888888888888
0.6666666666666666
0.6071428571428571
0.7777777777777778
0.5972222222222222
0.5178571428571429
0.5357142857142857
0.5892857142857143
0.7444444444444445
0.21428571428571427
0.7666666666666667
0.7361111111111112
0.7777777777777778
0.4642857142857143
0.7222222222222222
0.7666666666666667
0.7666666666666667
0.6527777777777778
0.5714285714285714
0.3333333333333333
0.7555555555555555
0.6071428571428571
0.5238095238095238
0.7916666666666666
0.5238095238095238
0.5714285714285714
0.5714285714285714
0.47619047619047616
0.7777777777777778
0.7444444444444445
0.5972222222222222
0.7666666666666667
0.6527777777777778
0.6111111111111112
0.625
0.7666666666666667
0.6527777777777778
0.5714285714285714
0.7777777777777778
0.7142857142857143
0.6805555555555556
0.7361111111111112
0.7638888888888888
0.6190476190476191
0.30952380952380953
0.5238095238095238
0.5
0.7361111111111112
0.6964285714285714
0.6428571428571429
0.5
0.26666666666666666
0.7777777777777778
0.16666666666666666
0.6428571428571429
0.36666666666666664
0.5714285714285714
0.4642857142857143
0.7321428571428571
0.45
0.3333333333333333
0.6785714285714286
0.625
0.5714285714285714
0.5833333333333334
0.7222222222222222
0.75
0.7777777777777778
0.7666666666666667
0.2
0.7777777777777778
0.13333333333333333
0.3333333333333333
0.3333333333333333
0.38095238095238093
0.6666666666666666
0.23333333333333334
0.5476190476190477
0.4523809523809524
0.5238095238095238
0.7666666666666667
0.6428571428571429
0.7777777777777778
0.5892857142857143
0.38095238095238093
0.26666666666666666
0.5178571428571429
0.6666666666666666
0.7916666666666666
0.3333333333333333
0.3333333333333333
0.4
0.6607142857142857
0.6190476190476191
0.5
0.43333333333333335
0.3333333333333333
0.47619047619047616
0.26666666666666666
0.7083333333333334
0.4
0.5714285714285714
0.5714285714285714
0.6190476190476191
0.5952380952380952
0.2857142857142857
0.35
0.43333333333333335
0.40476190476190477
0.5
0.5238095238095238
0.4523809523809524
0.3333333333333333
0.5535714285714286
0.7619047619047619
0.36666666666666664
0.35714285714285715
0.5714285714285714
0.5952380952380952
0.6666666666666666
1.0
0.7444444444444445
0.6944444444444444
0.6071428571428571
1.0
0.3333333333333333
0.7666666666666667
1.0
0.47619047619047616
0.5476190476190477
0.7666666666666667
0.36666666666666664
0.6607142857142857
0.6666666666666666
1.0
0.6666666666666666
0.5238095238095238
0.7142857142857143
0.3333333333333333
0.7666666666666667
0.5972222222222222
0.5714285714285714
0.6666666666666666
0.6111111111111112
0.4666666666666667
0.6111111111111112
0.2
0.5178571428571429
0.3333333333333333
0.4
0.3333333333333333
0.6666666666666666
0.7777777777777778
0.6904761904761905
0.5
0.5476190476190477
0.5476190476190477
0.5952380952380952
0.5
0.5714285714285714
0.7
1.0
0.26666666666666666
0.7083333333333334
0.47619047619047616
0.7444444444444445
0.75
0.5714285714285714
0.7361111111111112
1.0
0.5666666666666667
0.6071428571428571
0.5238095238095238
0.75
0.4666666666666667
0.3333333333333333
0.3333333333333333
0.75
0.6666666666666666
0.65
0.7916666666666666
0.3333333333333333
0.6428571428571429
0.6666666666666666
0.47619047619047616
0.6428571428571429
0.6785714285714286
0.6785714285714286
0.6071428571428571
0.6785714285714286
0.2619047619047619
0.7666666666666667
0.75
0.6805555555555556
0.7222222222222222
0.6190476190476191
0.3333333333333333
0.7777777777777778
0.5238095238095238
0.6527777777777778
0.4
0.5
0.5476190476190477
1.0
0.6666666666666666
0.1
0.1
0.1
0.1
1.0
1.0
0.7678571428571429
0.5238095238095238
0.0
0.0
0.4666666666666667
0.0
0.0
0.0
0.7666666666666667
0.3333333333333333
0.26666666666666666
0.26666666666666666
0.5952380952380952
0.7666666666666667
0.7222222222222222
0.6805555555555556
0.7083333333333334
0.6805555555555556
0.6666666666666666
0.40476190476190477
0.7555555555555555
0.7666666666666667
0.7666666666666667
0.2
0.5238095238095238
0.7222222222222222
0.625
1.0
0.7666666666666667
0.6805555555555556
0.6805555555555556
0.5535714285714286
0.2
0.2
0.4
0.26666666666666666
0.7678571428571429
0.7222222222222222
0.6904761904761905
0.6428571428571429
0.8333333333333334
0.7083333333333334
0.26666666666666666
0.5714285714285714
0.6964285714285714
0.6964285714285714
0.3333333333333333
0.3333333333333333
0.5476190476190477
0.5
0.3333333333333333
0.6190476190476191
--------------------------------
top-3
0.8
0.8
0.4
0.5
0.65
0.45
0.25
0.5
0.8
0.55
0.8
0.5
0.7666666666666667
0.8
0.8
0.5
0.7666666666666667
0.8
0.8
0.7666666666666667
0.7666666666666667
0.5
0.7666666666666667
0.7333333333333333
0.5
0.75
0.3333333333333333
0.8
0.75
0.5
0.8
0.3333333333333333
0.8
0.8
0.8
0.8
0.8
0.6
0.7
0.5
0.16666666666666666
0.3333333333333333
0.8
0.5666666666666667
0.6
0.5
0.5
0.8333333333333334
0.7
0.8
0.5
0.7
0.6666666666666666
0.65
0.8
0.9
0.9
0.7666666666666667
0.8
0.7666666666666667
0.7
0.5
0.8
0.5
0.8
0.8
0.8
0.7666666666666667
0.6
0.7666666666666667
0.8
0.7
0.3333333333333333
0.8
0.7333333333333333
0.7
0.7666666666666667
0.5
0.8
0.45
0.8
0.8
0.8
0.8
0.7
0.6
0.5833333333333334
0.8
0.7
0.5
0.5
0.5
0.8
0.5
0.8
0.8333333333333334
0.7666666666666667
0.6666666666666666
0.7666666666666667
0.8
0.75
0.75
0.65
0.8
0.8
0.7
0.16666666666666666
0.8
0.8
0.8
0.8
0.5
0.8
0.65
0.8
0.16666666666666666
0.8
0.7666666666666667
0.7
0.8
0.5
0.8
0.8
0.7666666666666667
0.8
0.25
0.7
0.5
0.8
0.7
0.8
0.3333333333333333
0.8
0.8
0.6
0.3333333333333333
0.75
0.6
0.8
0.7666666666666667
0.7
0.7666666666666667
0.7
0.5
0.45
0.4166666666666667
0.7
0.8
0.7666666666666667
0.75
0.8
0.6666666666666666
0.65
0.75
0.7333333333333333
0.8
0.4166666666666667
0.75
0.7666666666666667
0.8
0.7666666666666667
0.8
0.7
0.8
0.55
0.8
0.65
0.7
0.65
0.7
0.8
0.8
0.7666666666666667
0.8
0.7666666666666667
0.5
0.8
0.8
0.8
0.7
0.7666666666666667
0.8
0.7666666666666667
0.8
0.8
0.7333333333333333
0.8
0.7
0.7
0.8
0.6
0.25
0.7666666666666667
0.5
0.5
0.7666666666666667
0.7666666666666667
0.8
0.8
0.85
0.8
0.7666666666666667
0.65
0.6666666666666666
0.5
0.5
0.75
0.7666666666666667
0.65
0.8
0.7666666666666667
0.6
0.7666666666666667
0.8
0.8
0.8
0.75
0.8
0.5
0.6
0.4166666666666667
0.8
0.8
0.7666666666666667
0.8
0.75
0.8
0.8
0.8
0.8
0.7666666666666667
0.8
0.8
0.8
0.8
0.7666666666666667
0.8
0.7666666666666667
0.7
0.6
0.75
0.8
0.7666666666666667
0.7666666666666667
0.8
0.6
0.7666666666666667
0.8
0.7333333333333333
0.7666666666666667
0.75
0.75
0.65
0.8
0.16666666666666666
0.7666666666666667
0.5666666666666667
0.8
0.7
0.8
0.8
0.5
0.8
0.75
0.8
0.75
0.6
0.7666666666666667
0.9
0.7666666666666667
0.8
0.7666666666666667
0.7666666666666667
0.8
0.8
0.5
0.75
0.5
0.7
0.6
0.7666666666666667
0.6
0.75
0.5
0.4166666666666667
0.8
0.4166666666666667
0.8
0.8333333333333334
0.8
0.75
0.6
0.8
0.65
0.7666666666666667
0.55
0.7666666666666667
0.8
0.7
0.5
0.8
0.3333333333333333
0.5
0.7666666666666667
0.5833333333333334
0.8
0.65
0.6
0.8
0.5
0.8
0.3
0.16666666666666666
0.6
0.8
0.8
0.8
0.5833333333333334
0.8
0.8
0.6
0.7666666666666667
0.8
0.3333333333333333
0.7666666666666667
0.75
0.5
0.25
0.65
0.8
0.25
0.7666666666666667
0.7666666666666667
0.5
0.7666666666666667
0.0
0.8
0.6
0.5
0.5
0.5
0.8
0.8
0.7
0.8
0.7666666666666667
0.8
0.7666666666666667
0.5
0.8
0.0
0.8
0.85
0.6
0.7666666666666667
0.5
0.75
0.5
0.8
0.9
0.7
0.7666666666666667
0.8
0.8
0.8
0.8
0.7333333333333333
0.7
0.7
0.4166666666666667
0.8
0.8
0.8
0.8
0.6
0.6
0.8
0.7
0.75
0.8
0.8
0.7333333333333333
0.65
0.8
0.4
0.65
0.7666666666666667
0.7666666666666667
0.75
0.8
0.7
0.6
0.5
0.8
0.8
0.8
0.7666666666666667
0.8
0.8
0.8
0.7666666666666667
0.16666666666666666
0.7
0.7
0.4166666666666667
0.6
0.85
0.7666666666666667
0.8
0.6666666666666666
0.65
0.7666666666666667
0.8
0.8
0.7666666666666667
0.65
0.8
0.5
0.6
0.8
0.8
0.7333333333333333
0.8
0.8
0.5
0.5
0.6666666666666666
0.7333333333333333
0.0
0.6
0.7
0.5
0.65
0.7
0.7666666666666667
0.6
0.5
0.8
0.6666666666666666
0.3333333333333333
0.3333333333333333
0.6
0.55
0.7666666666666667
0.6
0.8
0.6
0.8
0.8
0.7666666666666667
0.8
0.8
0.7666666666666667
0.8
0.7666666666666667
0.8
0.4166666666666667
0.65
0.75
0.8
1.0
0.7
0.7333333333333333
0.7666666666666667
0.55
0.65
0.65
0.75
0.7
0.6666666666666666
0.6666666666666666
0.8
0.7666666666666667
0.5
0.8
0.8
0.6
0.6666666666666666
0.6666666666666666
0.6666666666666666
0.6666666666666666
0.8
0.8
0.8
0.7
0.3333333333333333
0.7666666666666667
0.8
0.7666666666666667
0.7
0.7666666666666667
0.8
0.8
0.8
0.8
0.65
0.65
0.7
0.7666666666666667
0.7333333333333333
0.7
0.8
0.8
0.6
0.7333333333333333
0.7
0.45
0.7
0.16666666666666666
1.0
0.7333333333333333
0.75
0.6666666666666666
0.0
0.75
0.8
0.0
1.0
0.6
0.8
0.6666666666666666
0.7666666666666667
0.75
0.6
0.65
0.7666666666666667
0.6666666666666666
0.8
0.7666666666666667
0.75
0.5
0.3333333333333333
0.7333333333333333
0.7
0.55
0.8
0.5
0.5
0.6
0.7
0.7333333333333333
0.0
0.8
0.8
0.8
0.4166666666666667
0.8
0.8
0.8
0.65
0.5
0.16666666666666666
0.7333333333333333
0.75
0.75
0.8
0.65
0.65
0.65
0.9166666666666666
0.8
0.8
0.5
0.8
0.65
0.5
0.6
0.8
0.65
0.6
0.8
0.8
0.8
0.8
0.8
0.85
0.16666666666666666
0.7
0.5
0.8
0.7333333333333333
0.8
0.8333333333333334
0.5
0.8
0.16666666666666666
0.7
0.5
0.8
0.45
0.7666666666666667
0.6666666666666666
0.5
0.8
0.55
0.65
0.45
0.9
0.8
0.8
0.7666666666666667
0.16666666666666666
0.8
0.3333333333333333
0.5
0.5
0.5833333333333334
0.7666666666666667
0.16666666666666666
0.7
0.6
0.55
0.7666666666666667
0.7
0.8
0.5
0.5833333333333334
0.3333333333333333
0.6
0.6666666666666666
0.7666666666666667
0.3333333333333333
0.3333333333333333
0.5
0.7666666666666667
0.7
0.5
0.3333333333333333
0.16666666666666666
0.6
0.3333333333333333
0.8
0.5
0.65
0.7333333333333333
0.75
0.75
0.3333333333333333
0.8333333333333334
0.4166666666666667
0.45
0.6
0.7
0.5
0.3333333333333333
0.6
0.7666666666666667
0.5833333333333334
0.25
0.7
0.75
0.75
1.0
0.7333333333333333
0.7666666666666667
0.7
1.0
0.5
0.8
1.0
0.6
0.7
0.8
0.6666666666666666
0.7666666666666667
0.75
1.0
0.6666666666666666
0.5
0.8
0.3333333333333333
0.8
0.6
0.55
0.85
0.5
0.5833333333333334
0.5
0.16666666666666666
0.5
0.5
0.6666666666666666
0.5833333333333334
0.8
0.8
0.7666666666666667
0.5
0.75
0.65
0.75
0.5
0.75
0.75
1.0
0.4166666666666667
0.7666666666666667
0.5
0.8
0.8
0.6
0.7666666666666667
1.0
0.7
0.65
0.7
0.8
0.6666666666666666
0.4166666666666667
0.4166666666666667
0.75
0.6666666666666666
0.7
0.7666666666666667
0.5
0.7666666666666667
0.8
0.4166666666666667
0.6
0.6
0.8
0.75
0.7
0.16666666666666666
0.7666666666666667
0.8
0.7666666666666667
0.8
0.75
0.5833333333333334
0.8
0.65
0.65
0.5
0.5
0.7
1.0
0.6666666666666666
0.0
0.0
0.0
0.0
1.0
1.0
0.8
0.7
0.0
0.0
0.6666666666666666
0.0
0.0
0.0
0.8
0.5
0.3333333333333333
0.3333333333333333
0.8
0.7666666666666667
0.7333333333333333
0.8
0.8
0.75
0.7
0.3333333333333333
0.7666666666666667
0.8
0.8
0.16666666666666666
0.55
0.7666666666666667
0.55
1.0
0.8
0.7666666666666667
0.7666666666666667
0.7
0.16666666666666666
0.16666666666666666
0.65
0.4166666666666667
0.8
0.8
0.85
0.7
0.7666666666666667
0.7666666666666667
0.4166666666666667
0.7666666666666667
0.7
0.7666666666666667
0.3333333333333333
0.3333333333333333
0.7
0.7
0.5
0.7666666666666667
