--------------------------------
top-20
0.034210526315789476
0.021052631578947368
0.034210526315789476
0.0
0.013157894736842105
0.013157894736842105
0.013157894736842105
0.013157894736842105
0.12631578947368421
0.1380952380952381
0.04736842105263158
0.21798029556650247
0.1380952380952381
0.1380952380952381
0.0
0.02631578947368421
0.09473684210526316
0.08421052631578947
0.0
0.007894736842105263
0.007894736842105263
0.007894736842105263
0.007894736842105263
0.007894736842105263
0.007894736842105263
0.007894736842105263
0.007894736842105263
0.0
0.007894736842105263
0.007894736842105263
0.05263157894736842
0.0
0.2807971014492754
0.07105263157894737
0.07105263157894737
0.07105263157894737
0.02631578947368421
0.07368421052631578
0.2807971014492754
0.06315789473684211
0.07105263157894737
0.08571428571428572
0.07105263157894737
0.19047619047619047
0.0880952380952381
0.07368421052631578
0.07368421052631578
0.060526315789473685
0.2807971014492754
0.08571428571428572
0.07368421052631578
0.07368421052631578
0.08571428571428572
0.07105263157894737
0.0880952380952381
0.07894736842105263
0.0880952380952381
0.0
0.05526315789473684
0.060526315789473685
0.060526315789473685
0.060526315789473685
0.03684210526315789
0.05789473684210526
0.023809523809523808
0.030303030303030304
0.030303030303030304
0.021052631578947368
0.05789473684210526
0.030952380952380953
0.021052631578947368
0.03684210526315789
0.007894736842105263
0.04736842105263158
0.04736842105263158
0.034210526315789476
0.06428571428571428
0.04736842105263158
0.05789473684210526
0.005263157894736842
0.29846153846153844
0.08333333333333333
0.19047619047619047
0.19047619047619047
0.05526315789473684
0.031578947368421054
0.06428571428571428
0.05952380952380952
0.06428571428571428
0.05952380952380952
0.19047619047619047
0.08333333333333333
0.05526315789473684
0.24761904761904763
0.08333333333333333
0.06428571428571428
0.05789473684210526
0.07857142857142857
0.13095238095238096
0.047619047619047616
0.047619047619047616
0.047619047619047616
0.047619047619047616
0.10476190476190476
0.047619047619047616
0.031578947368421054
0.031578947368421054
0.06315789473684211
0.05526315789473684
0.0
0.06315789473684211
0.08571428571428572
0.06315789473684211
0.031578947368421054
0.06315789473684211
0.06315789473684211
0.05526315789473684
0.0
0.0
0.0
0.06315789473684211
0.06315789473684211
0.06315789473684211
0.05526315789473684
0.0
0.030952380952380953
0.06315789473684211
0.031578947368421054
0.031578947368421054
0.0
0.031578947368421054
0.05789473684210526
0.07894736842105263
0.1277056277056277
0.2236842105263158
0.07894736842105263
NaN
0.07894736842105263
0.07368421052631578
0.1
0.07894736842105263
0.07894736842105263
0.07368421052631578
0.060526315789473685
0.07894736842105263
0.07368421052631578
0.08157894736842106
0.1225296442687747
0.10263157894736842
0.042105263157894736
0.08157894736842106
NaN
0.02142857142857143
0.1503623188405797
0.02142857142857143
0.1503623188405797
0.14523809523809525
0.05263157894736842
0.0
0.005263157894736842
0.005263157894736842
0.005263157894736842
0.09486166007905138
0.005263157894736842
0.005263157894736842
0.005263157894736842
0.005263157894736842
0.17894736842105263
0.005263157894736842
0.005263157894736842
0.04743083003952569
0.005263157894736842
0.25862068965517243
0.08695652173913043
0.229064039408867
0.25862068965517243
0.0
0.25862068965517243
0.0
0.005263157894736842
0.005263157894736842
0.0
0.005263157894736842
0.005263157894736842
0.0
0.25862068965517243
0.005263157894736842
0.005263157894736842
0.0
0.005263157894736842
0.005263157894736842
0.39826839826839827
0.39826839826839827
0.005263157894736842
0.3201581027667984
0.0
0.005263157894736842
0.021645021645021644
0.007894736842105263
0.0
0.005263157894736842
0.007894736842105263
0.007894736842105263
0.2391304347826087
0.013157894736842105
0.0
0.0
0.010526315789473684
NaN
NaN
0.11052631578947368
0.11052631578947368
0.11052631578947368
0.11052631578947368
0.0
0.09047619047619047
0.11052631578947368
0.0
0.0
0.0
0.11052631578947368
0.11052631578947368
0.11052631578947368
0.11052631578947368
0.07142857142857142
0.11052631578947368
0.11052631578947368
0.11052631578947368
0.05714285714285714
0.05714285714285714
0.05714285714285714
0.452991452991453
0.0
0.27166666666666667
0.11052631578947368
0.3383333333333333
0.35268817204301073
0.0
0.5113960113960114
NaN
0.17105263157894737
0.0
0.0
0.10526315789473684
0.10526315789473684
0.10526315789473684
0.10526315789473684
0.002631578947368421
0.06315789473684211
0.042105263157894736
0.06315789473684211
0.013157894736842105
0.013157894736842105
0.013157894736842105
0.06315789473684211
0.047619047619047616
0.3394736842105263
0.05238095238095238
0.047619047619047616
0.047619047619047616
0.05238095238095238
0.06666666666666667
0.047619047619047616
0.06666666666666667
0.0880952380952381
0.042105263157894736
0.06666666666666667
0.06666666666666667
0.06666666666666667
0.20333333333333334
0.08498023715415019
0.08300395256916997
0.08498023715415019
0.19166666666666668
0.07509881422924901
0.06521739130434782
0.10276679841897234
0.25925925925925924
0.10276679841897234
0.10276679841897234
0.10276679841897234
0.10789473684210527
0.007894736842105263
0.0
0.0
0.0
0.0
0.0
0.0
0.0
0.0
0.0
0.0
0.4230769230769231
0.0
0.4230769230769231
0.007894736842105263
0.02631578947368421
0.02631578947368421
0.02631578947368421
0.0
0.4230769230769231
0.0
0.0
0.0
0.0
0.0
0.6666666666666666
0.0
0.17857142857142858
0.17857142857142858
0.0
0.0
0.0
0.0
0.0
0.0
0.0
0.0
0.060526315789473685
0.0
0.060526315789473685
0.0
0.0
0.0
0.0
0.11038961038961038
0.04736842105263158
0.0
0.04736842105263158
0.04736842105263158
0.0
0.0
0.0
0.0
0.0
0.0
0.04736842105263158
0.0
0.04736842105263158
0.0
0.0
0.04736842105263158
0.04736842105263158
0.0
0.07707509881422925
0.04736842105263158
0.04736842105263158
0.0
0.0
0.0
0.0
0.11067193675889328
NaN
NaN
NaN
NaN
0.11384615384615385
0.11384615384615385
0.0
0.0
0.0
0.0
0.0
0.0
0.016666666666666666
0.0
0.0
0.0
0.0
0.13636363636363635
0.11190476190476191
0.002631578947368421
0.0
0.031578947368421054
0.031578947368421054
0.04736842105263158
0.031578947368421054
0.10238095238095238
0.013157894736842105
0.013157894736842105
0.0
0.031578947368421054
0.0
0.10238095238095238
0.031578947368421054
0.031578947368421054
0.04736842105263158
0.07857142857142857
0.19696969696969696
0.24242424242424243
0.06904761904761905
0.2727272727272727
0.030303030303030304
0.19696969696969696
0.22727272727272727
0.22727272727272727
0.06904761904761905
0.15151515151515152
0.15151515151515152
0.24242424242424243
0.22727272727272727
0.22727272727272727
0.09047619047619047
0.09090909090909091
0.09047619047619047
0.295
0.295
0.29
0.21920289855072464
0.2633333333333333
0.295
0.295
0.295
0.26268115942028986
0.295
0.24769230769230768
0.195
0.29
0.2815384615384615
0.30666666666666664
0.26268115942028986
0.26268115942028986
0.2633333333333333
0.26268115942028986
0.295
0.21920289855072464
0.29
0.28923076923076924
0.295
0.0
0.29
0.24769230769230768
0.21920289855072464
0.2633333333333333
0.295
0.295
0.295
0.09047619047619047
0.21920289855072464
0.09047619047619047
NaN
0.06904761904761905
NaN
0.0
0.0
0.0
0.0
0.06904761904761905
0.08947368421052632
0.08947368421052632
0.09047619047619047
0.24025974025974026
0.24025974025974026
0.08947368421052632
0.09473684210526316
0.08947368421052632
0.08421052631578947
0.08947368421052632
0.09473684210526316
0.06904761904761905
0.08947368421052632
0.09473684210526316
0.08947368421052632
0.08947368421052632
0.06904761904761905
0.43874643874643876
0.36666666666666664
0.4150197628458498
0.08421052631578947
0.08421052631578947
0.08947368421052632
0.0
0.09473684210526316
0.08947368421052632
0.08947368421052632
0.08947368421052632
0.06842105263157895
0.03684210526315789
0.03684210526315789
0.03684210526315789
0.03684210526315789
0.11052631578947368
0.0
0.0
0.0
0.0
0.0
0.05238095238095238
0.0
0.05238095238095238
0.047619047619047616
0.2751322751322751
0.05238095238095238
0.047619047619047616
0.015789473684210527
0.015789473684210527
0.1541501976284585
0.0
0.0
0.1
0.0
0.0
0.0
0.0
0.047619047619047616
0.0
0.05238095238095238
0.0
0.0
0.0
0.0
0.0
0.0
0.0
0.0
0.0
0.0
0.10833333333333334
0.0
0.0
0.0
0.0
0.0
0.0
0.0
0.047619047619047616
0.05789473684210526
0.06842105263157895
0.07368421052631578
0.05789473684210526
0.09523809523809523
0.05238095238095238
0.06842105263157895
0.06842105263157895
0.07368421052631578
0.07368421052631578
0.0735930735930736
0.05789473684210526
0.05238095238095238
0.0
0.05789473684210526
0.09523809523809523
0.1523809523809524
0.05238095238095238
0.014285714285714285
0.07142857142857142
0.07142857142857142
0.07142857142857142
0.05714285714285714
0.0
0.0
0.3333333333333333
0.3333333333333333
0.6666666666666666
0.0
0.009523809523809525
0.009523809523809525
0.005263157894736842
0.009523809523809525
0.014285714285714285
0.005263157894736842
0.005263157894736842
0.014285714285714285
0.0
0.014285714285714285
0.005263157894736842
0.4071969696969697
0.009523809523809525
0.021645021645021644
0.009523809523809525
0.013157894736842105
0.021645021645021644
0.021645021645021644
0.17391304347826086
0.009523809523809525
0.014285714285714285
0.009523809523809525
0.11666666666666667
0.021645021645021644
0.005263157894736842
0.009523809523809525
0.009523809523809525
0.009523809523809525
0.021645021645021644
0.009523809523809525
0.009523809523809525
0.014285714285714285
0.005263157894736842
0.017316017316017316
0.009523809523809525
0.2391304347826087
0.0
0.0
0.0
0.021052631578947368
0.0
0.0
0.015789473684210527
0.0
0.0
0.0
0.0
0.0
0.021052631578947368
0.10526315789473684
0.0
0.010526315789473684
0.0
0.015789473684210527
0.047619047619047616
0.047619047619047616
0.047619047619047616
0.05714285714285714
0.047619047619047616
0.14673913043478262
0.047619047619047616
0.047619047619047616
0.05714285714285714
0.14673913043478262
0.05714285714285714
0.05714285714285714
0.19047619047619047
0.10526315789473684
0.0
0.021052631578947368
0.0
0.021052631578947368
0.014285714285714285
0.009523809523809525
0.009523809523809525
0.07142857142857142
0.05714285714285714
0.01904761904761905
0.0
0.01904761904761905
0.0
0.05714285714285714
0.047619047619047616
0.017316017316017316
0.01904761904761905
0.13043478260869565
0.014285714285714285
0.017316017316017316
0.01904761904761905
0.01904761904761905
0.01904761904761905
0.0
0.01904761904761905
0.01904761904761905
0.01904761904761905
0.014285714285714285
0.025974025974025976
0.03463203463203463
0.025974025974025976
0.025974025974025976
0.01904761904761905
0.0
0.07142857142857142
0.01904761904761905
0.03463203463203463
0.0
0.0
0.0
0.01904761904761905
0.01904761904761905
0.03463203463203463
0.43846153846153846
0.010526315789473684
0.02631578947368421
0.047619047619047616
0.010526315789473684
0.02631578947368421
0.010526315789473684
0.010526315789473684
0.0
0.047619047619047616
0.15263157894736842
0.02631578947368421
0.07368421052631578
0.07368421052631578
0.047619047619047616
0.08157894736842106
0.047619047619047616
0.08157894736842106
0.05238095238095238
0.09210526315789473
0.0868421052631579
0.03463203463203463
0.10714285714285714
0.0
0.047619047619047616
0.09210526315789473
0.09210526315789473
0.09210526315789473
0.10263157894736842
0.08102766798418973
0.0
0.09210526315789473
0.0868421052631579
0.4236842105263158
0.08157894736842106
0.047619047619047616
0.09210526315789473
0.09210526315789473
0.09473684210526316
0.03557312252964427
0.047619047619047616
0.047619047619047616
0.01904761904761905
0.02619047619047619
0.047619047619047616
0.047619047619047616
0.047619047619047616
0.047619047619047616
0.06842105263157895
0.021052631578947368
0.14210526315789473
0.13157894736842105
0.13157894736842105
0.14210526315789473
0.30039525691699603
0.37105263157894736
0.002631578947368421
0.0
0.002631578947368421
0.002631578947368421
0.002631578947368421
0.002631578947368421
0.0691699604743083
0.002631578947368421
0.002631578947368421
0.002631578947368421
0.002631578947368421
0.03333333333333333
0.12380952380952381
0.002631578947368421
0.08421052631578947
0.15151515151515152
0.12121212121212122
0.06904761904761905
0.03684210526315789
0.03684210526315789
NaN
NaN
0.10238095238095238
0.031578947368421054
0.031578947368421054
0.031578947368421054
0.031578947368421054
0.031578947368421054
0.031578947368421054
0.031578947368421054
0.02894736842105263
0.02894736842105263
0.06904761904761905
0.031578947368421054
0.15526315789473685
0.10263157894736842
0.045454545454545456
0.10238095238095238
0.02894736842105263
0.06666666666666667
0.10263157894736842
0.0
0.1358695652173913
0.1358695652173913
0.06315789473684211
0.06904761904761905
NaN
NaN
0.0
0.09047619047619047
0.09047619047619047
0.14957264957264957
0.14957264957264957
0.1467236467236467
0.14957264957264957
0.12681159420289856
0.12681159420289856
0.11842105263157894
0.0
0.021645021645021644
0.1286231884057971
0.12681159420289856
0.12681159420289856
0.1286231884057971
0.031578947368421054
0.07142857142857142
0.039473684210526314
0.07142857142857142
0.07142857142857142
0.07142857142857142
0.07142857142857142
0.015789473684210527
0.06904761904761905
0.031578947368421054
0.015789473684210527
0.031578947368421054
0.015789473684210527
0.031578947368421054
0.02631578947368421
0.16666666666666666
0.12380952380952381
0.11428571428571428
0.12380952380952381
0.08008658008658008
0.13333333333333333
0.11255411255411256
0.023809523809523808
0.11904761904761904
0.13333333333333333
NaN
0.03684210526315789
0.0
0.03684210526315789
NaN
NaN
0.011904761904761904
0.011904761904761904
0.011904761904761904
0.011904761904761904
0.01904761904761905
0.05714285714285714
0.01904761904761905
0.01904761904761905
0.011904761904761904
0.01904761904761905
0.14285714285714285
0.14285714285714285
0.14285714285714285
0.23809523809523808
0.04473684210526316
0.0
0.0
0.23809523809523808
0.23809523809523808
0.031578947368421054
0.0
0.0
0.0
0.0
0.0
0.0
0.0
0.0
0.0
0.3233333333333333
0.44155844155844154
0.13692307692307693
0.463768115942029
0.5043290043290043
0.3557312252964427
0.3557312252964427
0.4700854700854701
0.4700854700854701
0.3102766798418972
0.3233333333333333
0.3233333333333333
0.29384615384615387
0.29384615384615387
0.4523809523809524
0.5043290043290043
0.35507246376811596
0.3102766798418972
0.02631578947368421
0.35688405797101447
0.3102766798418972
0.3102766798418972
0.4738095238095238
0.5043290043290043
0.38537549407114624
0.38537549407114624
0.45928030303030304
0.45928030303030304
0.424901185770751
0.3233333333333333
0.3233333333333333
0.32
0.32
0.44155844155844154
0.03684210526315789
0.5043290043290043
0.34782608695652173
0.424901185770751
0.29384615384615387
0.6547619047619048
0.0
0.04473684210526316
0.5342105263157895
0.4004329004329004
0.4004329004329004
0.4921052631578947
0.5071428571428571
0.4921052631578947
0.45928030303030304
0.424901185770751
0.3557312252964427
0.45928030303030304
0.424901185770751
0.4528735632183908
0.4528735632183908
0.3557312252964427
0.35688405797101447
0.35507246376811596
0.35688405797101447
0.3507692307692308
0.4700854700854701
0.5261904761904762
0.4921052631578947
0.5833333333333334
0.02631578947368421
0.5043290043290043
0.3557312252964427
0.3557312252964427
0.4700854700854701
0.4700854700854701
0.3102766798418972
0.3233333333333333
0.3233333333333333
0.29384615384615387
0.29384615384615387
0.4523809523809524
0.5043290043290043
0.35507246376811596
0.3102766798418972
0.35688405797101447
0.29384615384615387
0.35507246376811596
0.005263157894736842
0.005263157894736842
0.005263157894736842
0.005263157894736842
0.03684210526315789
0.005263157894736842
0.005263157894736842
0.010526315789473684
0.005263157894736842
0.005263157894736842
0.005263157894736842
0.0
0.005263157894736842
0.4357142857142857
0.005263157894736842
0.005263157894736842
0.05714285714285714
0.0
0.005263157894736842
0.005263157894736842
0.2857142857142857
0.0
0.0
0.0
0.0
0.2857142857142857
0.32894736842105265
0.2857142857142857
0.2857142857142857
0.2857142857142857
0.04047619047619048
0.04047619047619048
0.04047619047619048
0.03684210526315789
0.05714285714285714
0.11315789473684211
0.09523809523809523
0.04047619047619048
0.042105263157894736
0.0
0.0
0.0
0.0
0.0
0.0
0.0
0.002631578947368421
0.0
0.0
NaN
0.11384615384615385
0.0
0.11384615384615385
0.11384615384615385
0.11384615384615385
0.11384615384615385
0.11384615384615385
0.11384615384615385
0.11384615384615385
0.11384615384615385
0.19473684210526315
0.007894736842105263
0.08947368421052632
0.18947368421052632
0.005263157894736842
0.1213768115942029
0.1213768115942029
0.05194805194805195
0.005263157894736842
0.007894736842105263
0.007894736842105263
0.015789473684210527
0.005263157894736842
0.005263157894736842
0.3904761904761905
0.007894736842105263
0.0
0.02368421052631579
0.0
0.010526315789473684
0.010526315789473684
0.02631578947368421
0.02631578947368421
0.010526315789473684
0.010526315789473684
0.010526315789473684
0.010526315789473684
0.010526315789473684
0.018421052631578946
0.010526315789473684
0.018421052631578946
0.018421052631578946
0.14210526315789473
0.010526315789473684
0.018421052631578946
NaN
NaN
0.10526315789473684
0.02631578947368421
0.002631578947368421
0.02631578947368421
0.002631578947368421
0.11904761904761904
0.013157894736842105
0.002631578947368421
0.002631578947368421
0.02631578947368421
0.002631578947368421
0.002631578947368421
0.0
0.0
0.0
0.0
0.02631578947368421
0.002631578947368421
0.002631578947368421
0.030303030303030304
0.05263157894736842
0.05263157894736842
0.11384615384615385
0.06315789473684211
0.13636363636363635
0.13636363636363635
0.1380952380952381
0.31384615384615383
0.1261904761904762
0.13636363636363635
0.11190476190476191
0.1261904761904762
0.1261904761904762
0.11190476190476191
0.11190476190476191
0.11190476190476191
0.3803418803418803
0.13636363636363635
0.1123076923076923
0.06315789473684211
0.1261904761904762
0.09047619047619047
0.09047619047619047
0.10476190476190476
0.1261904761904762
0.1261904761904762
0.09047619047619047
0.13636363636363635
0.1261904761904762
0.1261904761904762
--------------------------------
top-10
0.0
0.08888888888888889
0.0
0.0
0.03333333333333333
0.03333333333333333
0.03333333333333333
0.03333333333333333
0.5333333333333333
0.09090909090909091
0.2
0.14545454545454545
0.1
0.1
0.0
0.08888888888888889
0.044444444444444446
0.0
0.0
0.0
0.0
0.0
0.0
0.0
0.0
0.0
0.0
0.0
0.0
0.0
0.3525641025641026
0.0
0.3131868131868132
0.16363636363636364
0.16363636363636364
0.16363636363636364
0.08888888888888889
0.18181818181818182
0.3131868131868132
0.06666666666666667
0.16363636363636364
0.14545454545454545
0.16363636363636364
0.23484848484848486
0.1893939393939394
0.18181818181818182
0.18181818181818182
0.10909090909090909
0.3131868131868132
0.14545454545454545
0.18181818181818182
0.18181818181818182
0.19696969696969696
0.16363636363636364
0.1893939393939394
0.20909090909090908
0.1893939393939394
0.0
0.14545454545454545
0.10909090909090909
0.10909090909090909
0.10909090909090909
0.15555555555555556
0.15454545454545454
0.0
0.022222222222222223
0.022222222222222223
0.05454545454545454
0.15454545454545454
0.011111111111111112
0.0
0.15555555555555556
0.0
0.08888888888888889
0.08888888888888889
0.1111111111111111
0.08888888888888889
0.08888888888888889
0.15454545454545454
0.0
0.23076923076923078
0.17777777777777778
0.19230769230769232
0.19230769230769232
0.14545454545454545
0.1111111111111111
0.08888888888888889
0.06666666666666667
0.08888888888888889
0.06666666666666667
0.19230769230769232
0.17777777777777778
0.14545454545454545
0.4772727272727273
0.17777777777777778
0.08888888888888889
0.15454545454545454
0.15454545454545454
0.17307692307692307
0.0
0.0
0.0
0.0
0.2636363636363636
0.0
0.1
0.1
0.13333333333333333
0.14545454545454545
0.0
0.13333333333333333
0.0
0.13333333333333333
0.1
0.13333333333333333
0.13333333333333333
0.14545454545454545
0.0
0.0
0.0
0.2
0.06666666666666667
0.13333333333333333
0.14545454545454545
0.0
0.011111111111111112
0.13333333333333333
0.1
0.1
0.0
0.1
0.15454545454545454
0.13333333333333333
0.15454545454545454
0.47435897435897434
0.13333333333333333
NaN
0.13333333333333333
0.17777777777777778
0.0
0.13333333333333333
0.13333333333333333
0.17777777777777778
0.15454545454545454
0.13333333333333333
0.17777777777777778
0.0
0.1590909090909091
0.08888888888888889
0.17777777777777778
0.0
NaN
0.05454545454545454
0.011111111111111112
0.05454545454545454
0.011111111111111112
0.09090909090909091
0.06666666666666667
0.0
0.0
0.0
0.0
0.0
0.0
0.0
0.0
0.0
0.42948717948717946
0.0
0.0
0.0
0.0
0.03636363636363636
0.0
0.045454545454545456
0.03636363636363636
0.0
0.03636363636363636
0.0
0.0
0.0
0.10909090909090909
0.0
0.0
0.15151515151515152
0.03636363636363636
0.0
0.0
0.0
0.0
0.0
0.5054945054945055
0.5054945054945055
0.0
0.4065934065934066
0.0
0.022222222222222223
0.0
0.03333333333333333
0.0
0.022222222222222223
0.03333333333333333
0.03333333333333333
0.06363636363636363
0.044444444444444446
0.0
0.0
0.044444444444444446
NaN
NaN
0.25274725274725274
0.25274725274725274
0.25274725274725274
0.25274725274725274
0.18181818181818182
0.24725274725274726
0.25274725274725274
0.2857142857142857
0.2857142857142857
0.26373626373626374
0.26666666666666666
0.26666666666666666
0.26666666666666666
0.26666666666666666
0.10606060606060606
0.19696969696969696
0.19696969696969696
0.19696969696969696
0.06060606060606061
0.06060606060606061
0.06060606060606061
0.5882352941176471
0.11538461538461539
0.1987179487179487
0.14545454545454545
0.30128205128205127
0.29545454545454547
0.2857142857142857
0.575
NaN
0.21153846153846154
0.0
0.0
0.23484848484848486
0.23484848484848486
0.23484848484848486
0.23484848484848486
0.0
0.2
0.1
0.2
0.044444444444444446
0.044444444444444446
0.044444444444444446
0.2
0.14393939393939395
0.3525641025641026
0.18181818181818182
0.14393939393939395
0.14393939393939395
0.16363636363636364
0.2196969696969697
0.14393939393939395
0.2196969696969697
0.17777777777777778
0.11363636363636363
0.2196969696969697
0.2196969696969697
0.2196969696969697
0.3333333333333333
0.06666666666666667
0.09090909090909091
0.06666666666666667
0.35555555555555557
0.13333333333333333
0.0
0.0
0.18181818181818182
0.0
0.0
0.0
0.2727272727272727
0.0
0.26373626373626374
0.3076923076923077
0.26373626373626374
0.26373626373626374
0.26373626373626374
0.26373626373626374
0.26373626373626374
0.26373626373626374
0.23076923076923078
0.23076923076923078
0.3625
0.15151515151515152
0.3625
0.21212121212121213
0.13636363636363635
0.13636363636363635
0.13636363636363635
0.23076923076923078
0.3625
0.23076923076923078
0.17582417582417584
0.0
0.0
0.0
0.6666666666666666
0.0
0.17857142857142858
0.17857142857142858
0.0
0.0
0.0
0.0
0.0
0.0
0.0
0.0
0.14444444444444443
0.0
0.14444444444444443
0.0
0.0
0.06060606060606061
0.0
0.2
0.2
0.06060606060606061
0.18181818181818182
0.18181818181818182
0.06060606060606061
0.0
0.06060606060606061
0.0
0.06060606060606061
0.06060606060606061
0.18181818181818182
0.0
0.18181818181818182
0.0
0.06060606060606061
0.2
0.2
0.0
0.1111111111111111
0.18181818181818182
0.18181818181818182
0.0
0.0
0.0
0.0
0.2
NaN
NaN
NaN
NaN
0.022222222222222223
0.022222222222222223
0.0
0.0
0.0
0.0
0.0
0.0
0.0
0.0
0.0
0.0
0.0
0.2727272727272727
0.2727272727272727
0.0
0.0
0.13333333333333333
0.13333333333333333
0.16666666666666666
0.13333333333333333
0.30128205128205127
0.0
0.0
0.0
0.13333333333333333
0.0
0.30128205128205127
0.13333333333333333
0.13333333333333333
0.2
0.044444444444444446
0.21818181818181817
0.2818181818181818
0.15151515151515152
0.3090909090909091
0.044444444444444446
0.21818181818181817
0.2545454545454545
0.2545454545454545
0.1794871794871795
0.16363636363636364
0.16363636363636364
0.2818181818181818
0.2545454545454545
0.2545454545454545
0.21212121212121213
0.13333333333333333
0.21212121212121213
0.29523809523809524
0.29523809523809524
0.23076923076923078
0.25824175824175827
0.15384615384615385
0.29523809523809524
0.29523809523809524
0.29523809523809524
0.29120879120879123
0.29523809523809524
0.18181818181818182
0.09090909090909091
0.23076923076923078
0.22527472527472528
0.32857142857142857
0.29120879120879123
0.29120879120879123
0.15384615384615385
0.29120879120879123
0.29523809523809524
0.25824175824175827
0.23076923076923078
0.25274725274725274
0.29523809523809524
0.19230769230769232
0.23076923076923078
0.18181818181818182
0.25824175824175827
0.15384615384615385
0.29523809523809524
0.29523809523809524
0.29523809523809524
0.21212121212121213
0.25824175824175827
0.21212121212121213
NaN
0.10909090909090909
NaN
0.0
0.0
0.0
0.0
0.10909090909090909
0.23636363636363636
0.23636363636363636
0.21212121212121213
0.3717948717948718
0.3717948717948718
0.23636363636363636
0.3712121212121212
0.3974358974358974
0.20909090909090908
0.3333333333333333
0.2636363636363636
0.10909090909090909
0.43956043956043955
0.2636363636363636
0.23636363636363636
0.23636363636363636
0.15151515151515152
0.4375
0.49047619047619045
0.41904761904761906
0.29545454545454547
0.20909090909090908
0.23636363636363636
0.0
0.2636363636363636
0.23636363636363636
0.3333333333333333
0.3333333333333333
0.12222222222222222
0.0
0.0
0.0
0.0
0.24545454545454545
0.0
0.0
0.0
0.0
0.0
0.01818181818181818
0.0
0.01818181818181818
0.0
0.20909090909090908
0.01818181818181818
0.0
0.044444444444444446
0.044444444444444446
0.25757575757575757
0.0
0.0
0.25757575757575757
0.0
0.0
0.0
0.0
0.0
0.0
0.01818181818181818
0.0
0.0
0.0
0.0
0.0
0.0
0.0
0.0
0.0
0.0
0.07272727272727272
0.0
0.0
0.0
0.0
0.0
0.0
0.0
0.0
0.15454545454545454
0.20909090909090908
0.18181818181818182
0.15454545454545454
0.18181818181818182
0.01818181818181818
0.20909090909090908
0.20909090909090908
0.18181818181818182
0.18181818181818182
0.15454545454545454
0.15454545454545454
0.01818181818181818
0.0
0.15454545454545454
0.18181818181818182
0.23636363636363636
0.01818181818181818
0.34615384615384615
0.1111111111111111
0.21978021978021978
0.21978021978021978
0.044444444444444446
0.0
0.0
0.3333333333333333
0.3333333333333333
0.6666666666666666
0.0
0.36764705882352944
0.36764705882352944
0.30833333333333335
0.36764705882352944
0.27472527472527475
0.30833333333333335
0.34285714285714286
0.27472527472527475
0.0
0.30833333333333335
0.30833333333333335
0.24761904761904763
0.36764705882352944
0.19696969696969696
0.35833333333333334
0.05555555555555555
0.30833333333333335
0.30833333333333335
0.1794871794871795
0.35833333333333334
0.30833333333333335
0.35833333333333334
0.32916666666666666
0.30833333333333335
0.29523809523809524
0.35833333333333334
0.36764705882352944
0.4117647058823529
0.30833333333333335
0.36764705882352944
0.36764705882352944
0.30833333333333335
0.30833333333333335
0.4117647058823529
0.36764705882352944
0.2904761904761905
0.0
0.0
0.0
0.08888888888888889
0.0
0.0
0.0
0.0
0.0
0.0
0.0
0.0
0.08888888888888889
0.26666666666666666
0.0
0.0
0.0
0.0
0.08888888888888889
0.08888888888888889
0.08888888888888889
0.13333333333333333
0.08888888888888889
0.2545454545454545
0.08888888888888889
0.08888888888888889
0.13333333333333333
0.2545454545454545
0.13333333333333333
0.13333333333333333
0.34615384615384615
0.4
0.0
0.08888888888888889
0.0
0.08888888888888889
0.29523809523809524
0.38095238095238093
0.35833333333333334
0.1111111111111111
0.044444444444444446
0.3076923076923077
0.3956043956043956
0.3076923076923077
0.38461538461538464
0.044444444444444446
0.0
0.14545454545454545
0.24242424242424243
0.01818181818181818
0.34615384615384615
0.3076923076923077
0.3076923076923077
0.14545454545454545
0.14545454545454545
0.2692307692307692
0.3516483516483517
0.3076923076923077
0.3516483516483517
0.42857142857142855
0.42857142857142855
0.3076923076923077
0.42857142857142855
0.42857142857142855
0.14545454545454545
0.3076923076923077
0.19230769230769232
0.24242424242424243
0.24242424242424243
0.42857142857142855
0.42857142857142855
0.42857142857142855
0.24242424242424243
0.24242424242424243
0.3076923076923077
0.5588235294117647
0.044444444444444446
0.1111111111111111
0.0
0.044444444444444446
0.1111111111111111
0.044444444444444446
0.044444444444444446
0.0
0.0
0.2857142857142857
0.03636363636363636
0.044444444444444446
0.044444444444444446
0.0
0.15454545454545454
0.0
0.15454545454545454
0.01818181818181818
0.19696969696969696
0.17272727272727273
0.022222222222222223
0.23636363636363636
0.0
0.0
0.18181818181818182
0.19696969696969696
0.18181818181818182
0.24545454545454545
0.14393939393939395
0.0
0.18181818181818182
0.17272727272727273
0.5916666666666667
0.15454545454545454
0.0
0.044444444444444446
0.044444444444444446
0.05555555555555555
0.0
0.0
0.0
0.0
0.0
0.0
0.0
0.0
0.0
0.20909090909090908
0.0
0.34545454545454546
0.23636363636363636
0.23636363636363636
0.34545454545454546
0.4230769230769231
0.5571428571428572
0.0
0.0
0.0
0.0
0.0
0.0
0.05454545454545454
0.0
0.0
0.0
0.0
0.05454545454545454
0.25
0.0
0.3076923076923077
0.08888888888888889
0.044444444444444446
0.10909090909090909
0.044444444444444446
0.044444444444444446
NaN
NaN
0.20909090909090908
0.0
0.0
0.0
0.0
0.0
0.0
0.0
0.0
0.0
0.10909090909090909
0.0
0.2803030303030303
0.18181818181818182
0.03333333333333333
0.30128205128205127
0.06363636363636363
0.08181818181818182
0.18181818181818182
0.0
0.0
0.0
0.07272727272727272
0.10909090909090909
NaN
NaN
0.0
0.21212121212121213
0.21212121212121213
0.05555555555555555
0.05555555555555555
0.044444444444444446
0.05555555555555555
0.0
0.0
0.32222222222222224
0.15151515151515152
0.0
0.011111111111111112
0.0
0.0
0.011111111111111112
0.08888888888888889
0.08181818181818182
0.022222222222222223
0.08181818181818182
0.08181818181818182
0.08181818181818182
0.08181818181818182
0.022222222222222223
0.15151515151515152
0.08888888888888889
0.022222222222222223
0.08888888888888889
0.022222222222222223
0.08888888888888889
0.06666666666666667
0.2692307692307692
0.15555555555555556
0.13333333333333333
0.15555555555555556
0.2
0.2
0.34545454545454546
0.08888888888888889
0.13333333333333333
0.2
NaN
0.044444444444444446
0.0
0.044444444444444446
NaN
NaN
0.0
0.0
0.0
0.0
0.0
0.2
0.0
0.0
0.0
0.0
0.14285714285714285
0.14285714285714285
0.14285714285714285
0.23809523809523808
0.0
0.0
0.0
0.23809523809523808
0.23809523809523808
0.0
0.0
0.0
0.0
0.0
0.0
0.0
0.0
0.0
0.0
0.1282051282051282
0.36666666666666664
0.06666666666666667
0.4338235294117647
0.45588235294117646
0.3375
0.3375
0.25274725274725274
0.25274725274725274
0.26666666666666666
0.1282051282051282
0.1282051282051282
0.06060606060606061
0.06060606060606061
0.37083333333333335
0.45588235294117646
0.2571428571428571
0.26666666666666666
0.0
0.3375
0.26666666666666666
0.26666666666666666
0.5514705882352942
0.4411764705882353
0.35833333333333334
0.35833333333333334
0.2571428571428571
0.2571428571428571
0.2761904761904762
0.1282051282051282
0.1282051282051282
0.06818181818181818
0.06818181818181818
0.36666666666666664
0.044444444444444446
0.4411764705882353
0.26666666666666666
0.2761904761904762
0.06060606060606061
0.6397058823529411
0.0
0.0
0.5588235294117647
0.46691176470588236
0.46691176470588236
0.4117647058823529
0.5110294117647058
0.4117647058823529
0.2571428571428571
0.2761904761904762
0.3375
0.2571428571428571
0.2761904761904762
0.17582417582417584
0.17582417582417584
0.3375
0.3375
0.2571428571428571
0.3375
0.1978021978021978
0.25274725274725274
0.4742647058823529
0.4117647058823529
0.6102941176470589
0.0
0.45588235294117646
0.3375
0.3375
0.25274725274725274
0.25274725274725274
0.26666666666666666
0.1282051282051282
0.1282051282051282
0.06060606060606061
0.06060606060606061
0.37083333333333335
0.45588235294117646
0.2571428571428571
0.26666666666666666
0.3375
0.06060606060606061
0.2571428571428571
0.01818181818181818
0.03636363636363636
0.01818181818181818
0.0
0.044444444444444446
0.0
0.01818181818181818
0.044444444444444446
0.01818181818181818
0.0
0.01818181818181818
0.0
0.0
0.6125
0.0
0.0
0.022222222222222223
0.0
0.03636363636363636
0.03636363636363636
0.2857142857142857
0.0
0.0
0.0
0.0
0.2857142857142857
0.5208333333333334
0.2857142857142857
0.2857142857142857
0.2857142857142857
0.022222222222222223
0.022222222222222223
0.022222222222222223
0.044444444444444446
0.03636363636363636
0.4666666666666667
0.23333333333333334
0.022222222222222223
0.07272727272727272
0.0
0.0
0.0
0.0
0.0
0.0
0.0
0.0
0.0
0.0
NaN
0.0
0.0
0.0
0.0
0.0
0.0
0.0
0.0
0.0
0.0
0.47435897435897434
0.022222222222222223
0.32727272727272727
0.0
0.022222222222222223
0.32727272727272727
0.32727272727272727
0.0
0.022222222222222223
0.022222222222222223
0.022222222222222223
0.0
0.022222222222222223
0.022222222222222223
0.5541666666666667
0.022222222222222223
0.0
0.0
0.0
0.10909090909090909
0.10909090909090909
0.0
0.0
0.10909090909090909
0.10909090909090909
0.10909090909090909
0.10909090909090909
0.10909090909090909
0.12727272727272726
0.10909090909090909
0.12727272727272726
0.12727272727272726
0.3712121212121212
0.0
0.12727272727272726
NaN
NaN
0.4
0.0
0.0
0.0
0.0
0.20909090909090908
0.01818181818181818
0.0
0.0
0.0
0.0
0.0
0.03636363636363636
0.03636363636363636
0.03636363636363636
0.03636363636363636
0.0
0.0
0.0
0.0
0.0
0.0
0.022222222222222223
0.2
0.2
0.2
0.20909090909090908
0.4095238095238095
0.16666666666666666
0.2
0.2727272727272727
0.16666666666666666
0.16666666666666666
0.2727272727272727
0.2727272727272727
0.2727272727272727
0.49264705882352944
0.2727272727272727
0.011111111111111112
0.2
0.16666666666666666
0.044444444444444446
0.044444444444444446
0.22727272727272727
0.22727272727272727
0.16666666666666666
0.044444444444444446
0.2727272727272727
0.16666666666666666
0.16666666666666666
--------------------------------
top-5
0.0
0.0
0.0
0.0
0.0
0.0
0.0
0.0
0.6666666666666666
0.06666666666666667
0.6333333333333333
0.4666666666666667
0.06666666666666667
0.06666666666666667
0.0
0.2
0.2
0.0
0.0
0.42857142857142855
0.42857142857142855
0.42857142857142855
0.42857142857142855
0.42857142857142855
0.0
0.0
0.0
0.0
0.0
0.0
0.35714285714285715
0.0
0.3333333333333333
0.1
0.1
0.1
0.2
0.16666666666666666
0.3333333333333333
0.19047619047619047
0.1
0.1
0.1
0.13333333333333333
0.3
0.16666666666666666
0.16666666666666666
0.05
0.3333333333333333
0.1
0.16666666666666666
0.16666666666666666
0.1
0.1
0.2
0.3333333333333333
0.2
0.19047619047619047
0.16666666666666666
0.05
0.05
0.05
0.26666666666666666
0.26666666666666666
0.0
0.0
0.0
0.0
0.26666666666666666
0.0
0.0
0.26666666666666666
0.0
0.4
0.4
0.4
0.0
0.4
0.26666666666666666
0.0
0.36666666666666664
0.5333333333333333
0.3
0.3
0.16666666666666666
0.3
0.4
0.3
0.4
0.3
0.3
0.5333333333333333
0.16666666666666666
0.4107142857142857
0.5333333333333333
0.4
0.26666666666666666
0.26666666666666666
0.3
0.0
0.0
0.0
0.0
0.21428571428571427
0.0
0.06666666666666667
0.0
0.2
0.16666666666666666
0.13333333333333333
0.2
0.06666666666666667
0.2
0.0
0.2
0.2
0.16666666666666666
0.19047619047619047
0.19047619047619047
0.19047619047619047
0.0
0.13333333333333333
0.2
0.16666666666666666
0.26666666666666666
0.05
0.2
0.06666666666666667
0.06666666666666667
0.19047619047619047
0.06666666666666667
0.26666666666666666
0.26666666666666666
0.35714285714285715
0.6805555555555556
0.26666666666666666
NaN
0.26666666666666666
0.4666666666666667
0.26666666666666666
0.26666666666666666
0.26666666666666666
0.4666666666666667
0.26666666666666666
0.26666666666666666
0.4666666666666667
0.0
0.2
0.4
0.5333333333333333
0.0
NaN
0.1
0.0
0.1
0.0
0.06666666666666667
0.2
0.0
0.13333333333333333
0.06666666666666667
0.0
0.0
0.06666666666666667
0.06666666666666667
0.0
0.13333333333333333
0.6785714285714286
0.13333333333333333
0.0
0.0
0.13333333333333333
0.0
0.0
0.0
0.0
0.06666666666666667
0.0
0.06666666666666667
0.0
0.0
0.06666666666666667
0.0
0.0
0.0
0.0
0.0
0.0
0.0
0.0
0.0
0.7222222222222222
0.7222222222222222
0.0
0.35714285714285715
0.0
0.0
0.0
0.0
0.13333333333333333
0.0
0.0
0.0
0.0
0.0
0.0
0.0
0.2
NaN
NaN
0.3
0.3
0.3
0.3
0.06666666666666667
0.36666666666666664
0.3
0.06666666666666667
0.06666666666666667
0.06666666666666667
0.3
0.3
0.3
0.3
0.0
0.3
0.3
0.3
0.0
0.0
0.0
0.4861111111111111
0.0
0.26666666666666666
0.3
0.35714285714285715
0.21428571428571427
0.06666666666666667
0.6333333333333333
NaN
0.0
0.0
0.0
0.06666666666666667
0.06666666666666667
0.06666666666666667
0.06666666666666667
0.0
0.21428571428571427
0.0
0.21428571428571427
0.2
0.2
0.2
0.21428571428571427
0.26666666666666666
0.5277777777777778
0.4523809523809524
0.26666666666666666
0.26666666666666666
0.36666666666666664
0.36666666666666664
0.26666666666666666
0.36666666666666664
0.26666666666666666
0.0
0.36666666666666664
0.36666666666666664
0.36666666666666664
0.6428571428571429
0.05
0.05
0.05
0.625
0.26666666666666666
0.0
0.0
0.3333333333333333
0.0
0.0
0.0
0.5476190476190477
0.0
0.06666666666666667
0.19047619047619047
0.06666666666666667
0.06666666666666667
0.06666666666666667
0.06666666666666667
0.06666666666666667
0.06666666666666667
0.06666666666666667
0.06666666666666667
0.3333333333333333
0.0
0.3333333333333333
0.19047619047619047
0.2
0.2
0.2
0.06666666666666667
0.3333333333333333
0.06666666666666667
0.0
0.0
0.0
0.0
0.6666666666666666
0.0
0.4523809523809524
0.4523809523809524
0.0
0.0
0.0
0.0
0.0
0.0
0.0
0.0
0.3
0.0
0.3
0.0
0.0
0.0
0.0
0.15
0.3
0.0
0.3
0.3
0.0
0.0
0.0
0.0
0.0
0.0
0.3
0.0
0.3
0.0
0.0
0.3
0.3
0.0
0.5
0.3
0.3
0.0
0.0
0.0
0.0
0.5238095238095238
NaN
NaN
NaN
NaN
0.05
0.05
0.0
0.0
0.0
0.0
0.0
0.0
0.0
0.0
0.0
0.0
0.0
0.15
0.15
0.0
0.0
0.0
0.0
0.0
0.0
0.26666666666666666
0.0
0.0
0.0
0.0
0.0
0.26666666666666666
0.0
0.0
0.3
0.0
0.23333333333333334
0.4
0.36666666666666664
0.7619047619047619
0.2
0.23333333333333334
0.5714285714285714
0.5714285714285714
0.36666666666666664
0.4
0.4
0.4
0.5714285714285714
0.5714285714285714
0.2
0.2
0.2
0.4
0.4
0.26666666666666666
0.15
0.2
0.4
0.4
0.4
0.3
0.4
0.23809523809523808
0.06666666666666667
0.26666666666666666
0.36666666666666664
0.06666666666666667
0.3
0.3
0.2
0.3
0.4
0.15
0.26666666666666666
0.36666666666666664
0.4
0.0
0.26666666666666666
0.23809523809523808
0.15
0.2
0.4
0.4
0.4
0.2
0.15
0.2
NaN
0.36666666666666664
NaN
0.0
0.0
0.0
0.0
0.36666666666666664
0.36666666666666664
0.36666666666666664
0.2
0.35714285714285715
0.35714285714285715
0.36666666666666664
0.4666666666666667
0.36666666666666664
0.26666666666666666
0.36666666666666664
0.4666666666666667
0.36666666666666664
0.36666666666666664
0.4666666666666667
0.36666666666666664
0.36666666666666664
0.36666666666666664
0.32142857142857145
0.35714285714285715
0.35714285714285715
0.3333333333333333
0.26666666666666666
0.36666666666666664
0.0
0.4666666666666667
0.36666666666666664
0.36666666666666664
0.36666666666666664
0.4
0.0
0.0
0.0
0.0
0.5952380952380952
0.0
0.0
0.0
0.0
0.0
0.13333333333333333
0.06666666666666667
0.0
0.0
0.3333333333333333
0.13333333333333333
0.0
0.0
0.0
0.21428571428571427
0.0
0.0
0.16666666666666666
0.0
0.19047619047619047
0.19047619047619047
0.0
0.0
0.0
0.13333333333333333
0.2857142857142857
0.0
0.0
0.0
0.0
0.0
0.2857142857142857
0.2857142857142857
0.0
0.0
0.0
0.0
0.0
0.0
0.0
0.0
0.0
0.0
0.0
0.06666666666666667
0.26666666666666666
0.16666666666666666
0.06666666666666667
0.16666666666666666
0.13333333333333333
0.26666666666666666
0.26666666666666666
0.16666666666666666
0.16666666666666666
0.06666666666666667
0.06666666666666667
0.13333333333333333
0.2
0.06666666666666667
0.21428571428571427
0.21428571428571427
0.13333333333333333
0.4444444444444444
0.3
0.0
0.0
0.0
0.2
0.0
0.3333333333333333
0.3333333333333333
0.6666666666666666
0.0
0.23809523809523808
0.23809523809523808
0.13333333333333333
0.23809523809523808
0.13333333333333333
0.13333333333333333
0.23809523809523808
0.13333333333333333
0.0
0.13333333333333333
0.13333333333333333
0.1
0.23809523809523808
0.13333333333333333
0.23809523809523808
0.2
0.13333333333333333
0.13333333333333333
0.36666666666666664
0.23809523809523808
0.13333333333333333
0.23809523809523808
0.13333333333333333
0.13333333333333333
0.13333333333333333
0.23809523809523808
0.23809523809523808
0.32142857142857145
0.13333333333333333
0.23809523809523808
0.23809523809523808
0.13333333333333333
0.13333333333333333
0.32142857142857145
0.23809523809523808
0.13333333333333333
0.13333333333333333
0.0
0.0
0.0
0.0
0.13333333333333333
0.2
0.0
0.0
0.0
0.0
0.0
0.0
0.5238095238095238
0.0
0.0
0.0
0.2
0.36666666666666664
0.36666666666666664
0.36666666666666664
0.4666666666666667
0.36666666666666664
0.35714285714285715
0.36666666666666664
0.36666666666666664
0.36666666666666664
0.35714285714285715
0.4666666666666667
0.4666666666666667
0.48214285714285715
0.48214285714285715
0.0
0.0
0.0
0.0
0.13333333333333333
0.32142857142857145
0.23809523809523808
0.3
0.0
0.32142857142857145
0.4444444444444444
0.32142857142857145
0.3333333333333333
0.0
0.2
0.32142857142857145
0.32142857142857145
0.0
0.0
0.0
0.32142857142857145
0.0
0.0
0.13333333333333333
0.32142857142857145
0.32142857142857145
0.32142857142857145
0.42857142857142855
0.4444444444444444
0.32142857142857145
0.4444444444444444
0.4444444444444444
0.2857142857142857
0.19047619047619047
0.0
0.2857142857142857
0.32142857142857145
0.42857142857142855
0.42857142857142855
0.42857142857142855
0.2857142857142857
0.2857142857142857
0.32142857142857145
0.5138888888888888
0.0
0.3
0.0
0.0
0.3
0.0
0.0
0.0
0.0
0.3
0.0
0.2
0.2
0.0
0.13333333333333333
0.0
0.13333333333333333
0.0
0.3333333333333333
0.23333333333333334
0.1
0.3
0.06666666666666667
0.0
0.3333333333333333
0.3333333333333333
0.3333333333333333
0.26666666666666666
0.16666666666666666
0.26666666666666666
0.3333333333333333
0.23333333333333334
0.6388888888888888
0.13333333333333333
0.2
0.0
0.0
0.2
0.0
0.0
0.0
0.0
0.0
0.0
0.0
0.0
0.0
0.26666666666666666
0.0
0.26666666666666666
0.16666666666666666
0.16666666666666666
0.26666666666666666
0.42857142857142855
0.6444444444444445
0.0
0.0
0.0
0.0
0.0
0.0
0.0
0.0
0.0
0.0
0.0
0.0
0.35714285714285715
0.0
0.2857142857142857
0.06666666666666667
0.06666666666666667
0.36666666666666664
0.1
0.1
NaN
NaN
0.26666666666666666
0.0
0.0
0.0
0.0
0.0
0.0
0.0
0.0
0.0
0.36666666666666664
0.0
0.4666666666666667
0.4
0.0
0.26666666666666666
0.2
0.2
0.4
0.19047619047619047
0.0
0.0
0.2
0.36666666666666664
NaN
NaN
0.0
0.2
0.2
0.13333333333333333
0.13333333333333333
0.13333333333333333
0.13333333333333333
0.0
0.0
0.47619047619047616
0.0
0.0
0.0
0.0
0.0
0.0
0.16666666666666666
0.06666666666666667
0.0
0.06666666666666667
0.06666666666666667
0.06666666666666667
0.06666666666666667
0.0
0.36666666666666664
0.16666666666666666
0.0
0.16666666666666666
0.0
0.16666666666666666
0.06666666666666667
0.0
0.36666666666666664
0.3
0.36666666666666664
0.35714285714285715
0.4666666666666667
0.5
0.3
0.3
0.4666666666666667
NaN
0.2
0.0
0.2
NaN
NaN
0.0
0.0
0.0
0.0
0.0
0.36666666666666664
0.0
0.0
0.0
0.0
0.13333333333333333
0.13333333333333333
0.13333333333333333
0.3333333333333333
0.0
0.0
0.0
0.26666666666666666
0.3333333333333333
0.06666666666666667
0.0
0.19047619047619047
0.0
0.0
0.0
0.0
0.0
0.0
0.0
0.0
0.06666666666666667
0.06666666666666667
0.23809523809523808
0.21428571428571427
0.06666666666666667
0.06666666666666667
0.2
0.2
0.0
0.0
0.0
0.0
0.0
0.06666666666666667
0.21428571428571427
0.0
0.0
0.0
0.06666666666666667
0.0
0.0
0.4861111111111111
0.19047619047619047
0.06666666666666667
0.06666666666666667
0.0
0.0
0.0
0.0
0.0
0.0
0.0
0.06666666666666667
0.2
0.19047619047619047
0.0
0.0
0.0
0.5138888888888888
0.06666666666666667
0.0
0.4861111111111111
0.32142857142857145
0.32142857142857145
0.21428571428571427
0.35714285714285715
0.21428571428571427
0.0
0.0
0.06666666666666667
0.0
0.0
0.0
0.0
0.06666666666666667
0.06666666666666667
0.0
0.06666666666666667
0.05
0.2
0.35714285714285715
0.21428571428571427
0.5138888888888888
0.06666666666666667
0.21428571428571427
0.06666666666666667
0.06666666666666667
0.2
0.2
0.0
0.0
0.0
0.0
0.0
0.06666666666666667
0.21428571428571427
0.0
0.0
0.06666666666666667
0.0
0.0
0.0
0.0
0.0
0.0
0.2
0.0
0.26666666666666666
0.2
0.26666666666666666
0.0
0.26666666666666666
0.06666666666666667
0.26666666666666666
0.6444444444444445
0.0
0.0
0.2
0.0
0.0
0.0
0.6666666666666666
0.26666666666666666
0.0
0.0
0.26666666666666666
0.6666666666666666
0.5416666666666666
0.6666666666666666
0.6666666666666666
0.6666666666666666
0.05
0.05
0.05
0.2
0.0
0.5714285714285714
0.36666666666666664
0.05
0.0
0.0
0.0
0.0
0.0
0.0
0.0
0.0
0.0
0.0
0.06666666666666667
NaN
0.0
0.0
0.0
0.0
0.0
0.0
0.0
0.0
0.0
0.0
0.6428571428571429
0.0
0.47619047619047616
0.0
0.06666666666666667
0.47619047619047616
0.47619047619047616
0.2
0.06666666666666667
0.0
0.0
0.0
0.06666666666666667
0.0
0.6444444444444445
0.0
0.06666666666666667
0.3333333333333333
0.0
0.06666666666666667
0.06666666666666667
0.26666666666666666
0.26666666666666666
0.06666666666666667
0.06666666666666667
0.06666666666666667
0.06666666666666667
0.06666666666666667
0.13333333333333333
0.06666666666666667
0.13333333333333333
0.13333333333333333
0.5952380952380952
0.0
0.13333333333333333
NaN
NaN
0.5178571428571429
0.26666666666666666
0.38095238095238093
0.26666666666666666
0.38095238095238093
0.35714285714285715
0.4444444444444444
0.38095238095238093
0.38095238095238093
0.26666666666666666
0.38095238095238093
0.38095238095238093
0.5357142857142857
0.5357142857142857
0.5357142857142857
0.5357142857142857
0.26666666666666666
0.38095238095238093
0.38095238095238093
0.38095238095238093
0.32142857142857145
0.32142857142857145
0.05
0.16666666666666666
0.15
0.15
0.5333333333333333
0.19047619047619047
0.0
0.15
0.15
0.0
0.0
0.15
0.15
0.15
0.32142857142857145
0.16666666666666666
0.05
0.15
0.0
0.2
0.2
0.0
0.0
0.0
0.26666666666666666
0.15
0.0
0.0
--------------------------------
top-3
0.0
0.0
0.0
0.0
0.0
0.0
0.0
0.0
0.7333333333333333
0.0
0.55
0.45
0.0
0.0
0.0
0.6666666666666666
0.16666666666666666
0.0
0.0
0.4
0.4
0.4
0.4
0.4
0.0
0.0
0.0
0.0
0.0
0.0
0.16666666666666666
0.0
0.5
0.16666666666666666
0.16666666666666666
0.16666666666666666
0.6666666666666666
0.0
0.5
0.0
0.16666666666666666
0.16666666666666666
0.16666666666666666
0.3333333333333333
0.4166666666666667
0.0
0.0
0.0
0.5
0.16666666666666666
0.0
0.0
0.16666666666666666
0.16666666666666666
0.16666666666666666
0.16666666666666666
0.16666666666666666
0.0
0.0
0.0
0.0
0.0
0.4166666666666667
0.16666666666666666
0.0
0.0
0.0
0.0
0.16666666666666666
0.0
0.0
0.4166666666666667
0.0
0.5
0.5
0.6666666666666666
0.0
0.5
0.16666666666666666
0.0
0.4166666666666667
0.5
0.4166666666666667
0.4166666666666667
0.0
0.4166666666666667
0.5
0.4166666666666667
0.5
0.4166666666666667
0.4166666666666667
0.5
0.0
0.3333333333333333
0.5
0.5
0.16666666666666666
0.16666666666666666
0.4166666666666667
0.0
0.0
0.0
0.0
0.0
0.0
0.0
0.0
0.16666666666666666
0.0
0.0
0.16666666666666666
0.0
0.16666666666666666
0.0
0.16666666666666666
0.16666666666666666
0.0
0.0
0.0
0.0
0.0
0.0
0.16666666666666666
0.0
0.3333333333333333
0.16666666666666666
0.16666666666666666
0.0
0.0
0.0
0.0
0.16666666666666666
0.16666666666666666
0.16666666666666666
0.6666666666666666
0.16666666666666666
NaN
0.16666666666666666
0.6666666666666666
0.3333333333333333
0.16666666666666666
0.16666666666666666
0.6666666666666666
0.16666666666666666
0.16666666666666666
0.6666666666666666
0.0
0.4166666666666667
0.75
0.65
0.0
NaN
0.0
0.0
0.0
0.0
0.0
0.6666666666666666
0.0
0.0
0.0
0.0
0.0
0.0
0.0
0.0
0.0
0.6666666666666666
0.0
0.0
0.0
0.0
0.0
0.0
0.0
0.0
0.0
0.0
0.0
0.0
0.0
0.0
0.0
0.0
0.0
0.0
0.0
0.0
0.0
0.0
0.0
0.7
0.7
0.0
0.16666666666666666
0.0
0.3333333333333333
0.0
0.0
0.0
0.3333333333333333
0.16666666666666666
0.16666666666666666
0.0
0.0
0.0
0.0
0.6666666666666666
NaN
NaN
0.0
0.0
0.0
0.0
0.0
0.4166666666666667
0.0
0.0
0.0
0.0
0.0
0.0
0.0
0.0
0.0
0.0
0.0
0.0
0.0
0.0
0.0
0.45
0.0
0.16666666666666666
0.0
0.16666666666666666
0.0
0.0
0.7
NaN
0.0
0.0
0.0
0.0
0.0
0.0
0.0
0.0
0.0
0.0
0.0
0.4166666666666667
0.4166666666666667
0.4166666666666667
0.0
0.16666666666666666
0.45
0.45
0.16666666666666666
0.16666666666666666
0.4166666666666667
0.4166666666666667
0.16666666666666666
0.4166666666666667
0.5833333333333334
0.0
0.4166666666666667
0.4166666666666667
0.4166666666666667
0.7666666666666667
0.0
0.0
0.0
0.7333333333333333
0.5
0.0
0.0
0.5
0.0
0.0
0.0
0.75
0.0
0.0
0.0
0.0
0.0
0.0
0.0
0.0
0.0
0.0
0.0
0.16666666666666666
0.0
0.16666666666666666
0.0
0.4166666666666667
0.4166666666666667
0.4166666666666667
0.0
0.16666666666666666
0.0
0.0
0.0
0.0
0.0
0.6666666666666666
0.0
0.45
0.45
0.0
0.0
0.0
0.0
0.0
0.16666666666666666
0.16666666666666666
0.16666666666666666
0.4166666666666667
0.0
0.4166666666666667
0.0
0.0
0.0
0.0
0.0
0.0
0.0
0.0
0.0
0.0
0.0
0.0
0.0
0.0
0.0
0.0
0.0
0.0
0.0
0.0
0.0
0.0
0.0
0.5
0.0
0.0
0.0
0.0
0.0
0.0
0.55
NaN
NaN
NaN
NaN
0.0
0.0
0.0
0.0
0.0
0.0
0.0
0.0
0.0
0.0
0.0
0.0
0.0
0.0
0.0
0.0
0.0
0.0
0.0
0.16666666666666666
0.0
0.6666666666666666
0.3333333333333333
0.3333333333333333
0.0
0.0
0.0
0.6666666666666666
0.0
0.0
0.0
0.0
0.3333333333333333
0.9166666666666666
0.4166666666666667
0.6666666666666666
0.4166666666666667
0.3333333333333333
0.4
0.4
0.4166666666666667
0.45
0.45
0.9166666666666666
0.4
0.4
0.6666666666666666
0.4166666666666667
0.6666666666666666
0.6666666666666666
0.6666666666666666
0.3333333333333333
0.3333333333333333
0.16666666666666666
0.6666666666666666
0.6666666666666666
0.6666666666666666
0.4166666666666667
0.6666666666666666
0.16666666666666666
0.0
0.3333333333333333
0.4166666666666667
0.0
0.4166666666666667
0.4166666666666667
0.16666666666666666
0.45
0.6666666666666666
0.3333333333333333
0.3333333333333333
0.4166666666666667
0.6666666666666666
0.0
0.3333333333333333
0.16666666666666666
0.3333333333333333
0.16666666666666666
0.6666666666666666
0.6666666666666666
0.6666666666666666
0.6666666666666666
0.3333333333333333
0.6666666666666666
NaN
0.4166666666666667
NaN
0.0
0.0
0.0
0.0
0.4166666666666667
0.4166666666666667
0.4166666666666667
0.6666666666666666
0.16666666666666666
0.16666666666666666
0.4166666666666667
0.6666666666666666
0.4166666666666667
0.16666666666666666
0.4166666666666667
0.6666666666666666
0.4166666666666667
0.4166666666666667
0.6666666666666666
0.4166666666666667
0.4166666666666667
0.4166666666666667
0.16666666666666666
0.16666666666666666
0.16666666666666666
0.16666666666666666
0.16666666666666666
0.4166666666666667
0.0
0.6666666666666666
0.4166666666666667
0.4166666666666667
0.4166666666666667
0.7
0.0
0.0
0.0
0.0
0.75
0.0
0.0
0.0
0.0
0.0
0.0
0.0
0.0
0.0
0.16666666666666666
0.0
0.0
0.0
0.0
0.0
0.0
0.0
0.0
0.0
0.0
0.0
0.0
0.0
0.0
0.0
0.16666666666666666
0.0
0.0
0.0
0.0
0.0
0.16666666666666666
0.16666666666666666
0.0
0.0
0.0
0.0
0.0
0.0
0.0
0.0
0.0
0.0
0.0
0.0
0.16666666666666666
0.0
0.0
0.0
0.0
0.16666666666666666
0.16666666666666666
0.0
0.0
0.0
0.0
0.0
0.16666666666666666
0.0
0.0
0.0
0.0
0.4
0.45
0.0
0.0
0.0
0.16666666666666666
0.0
0.3333333333333333
0.3333333333333333
0.6666666666666666
0.0
0.3333333333333333
0.3333333333333333
0.3333333333333333
0.3333333333333333
0.3333333333333333
0.3333333333333333
0.3333333333333333
0.3333333333333333
0.0
0.3333333333333333
0.3333333333333333
0.16666666666666666
0.3333333333333333
0.3333333333333333
0.3333333333333333
0.4166666666666667
0.3333333333333333
0.3333333333333333
0.16666666666666666
0.3333333333333333
0.3333333333333333
0.3333333333333333
0.3333333333333333
0.3333333333333333
0.3333333333333333
0.3333333333333333
0.3333333333333333
0.16666666666666666
0.3333333333333333
0.3333333333333333
0.3333333333333333
0.3333333333333333
0.3333333333333333
0.16666666666666666
0.3333333333333333
0.16666666666666666
0.0
0.0
0.0
0.0
0.0
0.0
0.16666666666666666
0.0
0.0
0.0
0.0
0.0
0.3333333333333333
0.7
0.0
0.0
0.0
0.16666666666666666
0.4166666666666667
0.4166666666666667
0.4166666666666667
0.6666666666666666
0.4166666666666667
0.16666666666666666
0.4166666666666667
0.4166666666666667
0.4166666666666667
0.16666666666666666
0.7
0.6666666666666666
0.4
0.4
0.0
0.3333333333333333
0.0
0.16666666666666666
0.3333333333333333
0.16666666666666666
0.3333333333333333
0.4166666666666667
0.0
0.16666666666666666
0.4
0.16666666666666666
0.5
0.0
0.0
0.16666666666666666
0.16666666666666666
0.0
0.0
0.0
0.16666666666666666
0.0
0.0
0.0
0.16666666666666666
0.16666666666666666
0.16666666666666666
0.4
0.4
0.16666666666666666
0.4
0.4
0.16666666666666666
0.0
0.0
0.16666666666666666
0.16666666666666666
0.4
0.4
0.4
0.16666666666666666
0.16666666666666666
0.16666666666666666
0.45
0.0
0.4166666666666667
0.0
0.0
0.4166666666666667
0.0
0.0
0.0
0.0
0.5
0.0
0.3333333333333333
0.3333333333333333
0.0
0.16666666666666666
0.0
0.16666666666666666
0.0
0.3333333333333333
0.3333333333333333
0.16666666666666666
0.3333333333333333
0.0
0.0
0.3333333333333333
0.3333333333333333
0.3333333333333333
0.4166666666666667
0.0
0.3333333333333333
0.3333333333333333
0.3333333333333333
0.7333333333333333
0.16666666666666666
0.0
0.0
0.0
0.6666666666666666
0.0
0.0
0.0
0.0
0.16666666666666666
0.0
0.0
0.0
0.0
0.16666666666666666
0.0
0.4166666666666667
0.0
0.0
0.45
0.45
0.6666666666666666
0.0
0.0
0.0
0.0
0.0
0.0
0.0
0.0
0.0
0.0
0.0
0.0
0.16666666666666666
0.0
0.16666666666666666
0.0
0.0
0.4166666666666667
0.0
0.0
NaN
NaN
0.6666666666666666
0.0
0.4
0.0
0.4
0.0
0.0
0.0
0.0
0.0
0.4166666666666667
0.0
0.6666666666666666
0.45
0.0
0.6666666666666666
0.4166666666666667
0.4166666666666667
0.45
0.0
0.0
0.0
0.4166666666666667
0.4166666666666667
NaN
NaN
0.0
0.6666666666666666
0.6666666666666666
0.0
0.0
0.0
0.0
0.0
0.0
0.6
0.0
0.0
0.16666666666666666
0.0
0.0
0.16666666666666666
0.0
0.0
0.5
0.0
0.0
0.0
0.0
0.0
0.4166666666666667
0.0
0.0
0.0
0.0
0.0
0.0
0.0
0.16666666666666666
0.4166666666666667
0.16666666666666666
0.16666666666666666
0.45
0.6
0.4166666666666667
0.4166666666666667
0.45
NaN
0.4
0.0
0.4
NaN
NaN
0.0
0.0
0.0
0.0
0.0
0.4166666666666667
0.0
0.0
0.0
0.0
0.16666666666666666
0.16666666666666666
0.16666666666666666
0.3333333333333333
0.0
0.0
0.0
0.4166666666666667
0.3333333333333333
0.0
0.0
0.0
0.0
0.0
0.0
0.0
0.0
0.0
0.0
0.0
0.0
0.0
0.0
0.0
0.0
0.0
0.5
0.5
0.0
0.16666666666666666
0.16666666666666666
0.0
0.0
0.0
0.0
0.0
0.16666666666666666
0.0
0.0
0.16666666666666666
0.0
0.45
0.0
0.0
0.0
0.0
0.0
0.0
0.0
0.0
0.0
0.0
0.0
0.4
0.0
0.0
0.3333333333333333
0.0
0.45
0.0
0.0
0.4
0.16666666666666666
0.16666666666666666
0.0
0.16666666666666666
0.0
0.0
0.3333333333333333
0.0
0.0
0.3333333333333333
0.0
0.0
0.0
0.0
0.0
0.0
0.0
0.5
0.16666666666666666
0.0
0.45
0.0
0.0
0.0
0.0
0.5
0.5
0.0
0.16666666666666666
0.16666666666666666
0.0
0.0
0.0
0.0
0.0
0.0
0.0
0.0
0.0
0.0
0.0
0.3333333333333333
0.0
0.4
0.0
0.3333333333333333
0.3333333333333333
0.3333333333333333
0.0
0.3333333333333333
0.0
0.3333333333333333
0.6666666666666666
0.0
0.0
0.3333333333333333
0.0
0.16666666666666666
0.16666666666666666
0.7
0.4
0.0
0.0
0.4
0.7
0.45
0.7
0.7
0.7
0.0
0.0
0.0
0.4
0.0
0.6666666666666666
0.5833333333333334
0.0
0.0
0.0
0.0
0.0
0.0
0.0
0.0
0.0
0.0
0.0
0.0
NaN
0.0
0.0
0.0
0.0
0.0
0.0
0.0
0.0
0.0
0.0
0.6666666666666666
0.0
0.4
0.0
0.5
0.4
0.4
0.0
0.5
0.0
0.0
0.0
0.0
0.0
0.6666666666666666
0.0
0.0
0.6
0.0
0.0
0.0
0.4
0.4
0.0
0.0
0.0
0.0
0.0
0.0
0.0
0.0
0.0
0.75
0.0
0.0
NaN
NaN
0.45
0.4
0.4
0.4
0.4
0.16666666666666666
0.4
0.4
0.4
0.3333333333333333
0.4
0.4
0.6
0.6
0.6
0.6
0.3333333333333333
0.4
0.4
0.4
0.16666666666666666
0.16666666666666666
0.0
0.0
0.0
0.0
0.55
0.0
0.0
0.0
0.0
0.0
0.0
0.0
0.0
0.0
0.16666666666666666
0.0
0.0
0.0
0.0
0.6666666666666666
0.6666666666666666
0.0
0.0
0.0
0.6666666666666666
0.0
0.0
0.0
