--------------------------------
top-20
0.5978494623655914
0.213768115942029
0.42153846153846153
0.4656084656084656
0.2619047619047619
0.15810276679841898
0.2608695652173913
0.36578947368421055
0.25
0.5640394088669951
0.3415384615384615
0.35384615384615387
0.4
0.5142450142450142
0.4757834757834758
0.4642857142857143
0.533068783068783
0.3903133903133903
0.5423280423280423
0.5160919540229885
0.532258064516129
0.31
0.27355072463768115
0.24833333333333332
0.4312169312169312
0.12450592885375494
0.30039525691699603
0.17391304347826086
0.1471861471861472
0.2532467532467532
0.4723320158102767
0.24923076923076923
0.2748917748917749
0.23376623376623376
0.17894736842105263
0.3616666666666667
0.2878787878787879
0.14912280701754385
0.3226600985221675
0.4066666666666667
0.5221774193548387
0.4
0.5028490028490028
0.5705645161290323
0.5
0.21428571428571427
0.3630769230769231
0.43333333333333335
0.4731182795698925
0.5384615384615384
0.3333333333333333
0.30632411067193677
0.17753623188405798
0.22666666666666666
0.22644927536231885
0.274703557312253
0.3007246376811594
0.4046153846153846
0.2766798418972332
0.5291005291005291
0.4689655172413793
0.45692307692307693
0.46551724137931033
0.3569230769230769
0.3203463203463203
0.3676923076923077
0.4658119658119658
0.3769230769230769
0.3676923076923077
0.4586206896551724
0.43162393162393164
0.455026455026455
0.4417989417989418
0.4107692307692308
0.43538461538461537
0.42735042735042733
0.3134057971014493
0.4075268817204301
0.385
0.45376344086021503
0.43870967741935485
0.4031339031339031
0.5948275862068966
0.35507246376811596
0.5686274509803921
0.5160984848484849
0.3793103448275862
0.44166666666666665
0.5387096774193548
0.22282608695652173
0.4011494252873563
0.27384615384615385
0.6301587301587301
0.1956521739130435
0.5119047619047619
0.2608695652173913
0.3952569169960474
0.43596059113300495
0.5241379310344828
0.427536231884058
0.16428571428571428
0.39655172413793105
0.3351449275362319
0.3630769230769231
0.5837789661319073
0.3007246376811594
0.24308300395256918
0.3603988603988604
0.265
0.3793103448275862
0.3835978835978836
0.28
0.48494623655913977
0.38
0.40166666666666667
0.21541501976284586
0.4839080459770115
0.45584045584045585
0.38461538461538464
0.4287749287749288
0.4774193548387097
0.5721925133689839
0.44576719576719576
0.3814229249011858
0.3883333333333333
0.30666666666666664
0.30303030303030304
0.4497354497354497
0.2619047619047619
0.30952380952380953
0.358695652173913
0.2866666666666667
0.2727272727272727
0.30735930735930733
0.375
0.322463768115942
0.20833333333333334
0.44017094017094016
0.452991452991453
0.3523076923076923
0.3994708994708995
0.33152173913043476
0.25691699604743085
0.29528985507246375
0.37549407114624506
0.3242753623188406
0.2683982683982684
0.3794466403162055
0.3242753623188406
0.5011494252873563
0.405
0.49206349206349204
0.33766233766233766
0.26166666666666666
0.3883333333333333
0.6256684491978609
0.3201581027667984
0.45057471264367815
0.41025641025641024
0.4
0.36833333333333335
0.3641304347826087
0.2706552706552707
0.48307692307692307
0.37549407114624506
0.4003623188405797
0.3134057971014493
0.2536231884057971
0.3774703557312253
0.31521739130434784
0.5028490028490028
0.4553846153846154
0.541871921182266
0.5413793103448276
0.3566666666666667
0.49538461538461537
0.6412698412698413
0.49572649572649574
0.2748917748917749
0.3323076923076923
0.48923076923076925
0.34615384615384615
0.39492753623188404
0.5061538461538462
0.28615384615384615
0.4276923076923077
0.48307692307692307
0.35144927536231885
0.2766798418972332
0.42923076923076925
0.09956709956709957
0.1619047619047619
0.4492307692307692
0.24047619047619048
0.08300395256916997
0.48717948717948717
0.3595238095238095
0.2857142857142857
0.21052631578947367
0.11695906432748537
0.3246753246753247
0.415
0.5211693548387096
0.14502164502164502
0.22943722943722944
0.11428571428571428
0.3593073593073593
0.3433333333333333
0.08008658008658008
0.22644927536231885
0.541871921182266
0.15789473684210525
0.33201581027667987
0.29
0.36231884057971014
0.6605042016806723
0.3142292490118577
0.48007246376811596
0.16842105263157894
0.4891304347826087
0.35714285714285715
0.38
0.521505376344086
0.3354978354978355
0.36594202898550726
0.48615384615384616
0.5956989247311828
0.39855072463768115
0.5712643678160919
0.42833333333333334
0.36
0.37749287749287747
0.34057971014492755
0.4103448275862069
0.5218390804597701
0.5785984848484849
0.5876923076923077
0.4707692307692308
0.5733333333333334
0.4091954022988506
0.4276923076923077
0.23517786561264822
0.3188405797101449
0.36
0.52
0.40711462450592883
0.6279569892473118
0.5462962962962963
0.31833333333333336
0.43666666666666665
0.25333333333333335
0.24523809523809523
0.3553846153846154
0.3722943722943723
0.2510822510822511
0.2077922077922078
0.391304347826087
0.5019762845849802
0.4021164021164021
0.39826839826839827
0.3888888888888889
0.5806451612903226
0.6488413547237076
0.4862068965517241
0.4415322580645161
0.475
0.3442028985507246
0.5092307692307693
0.427536231884058
0.2510822510822511
0.48412698412698413
0.42028985507246375
0.391304347826087
0.22529644268774704
0.42758620689655175
0.11067193675889328
0.26811594202898553
0.19047619047619047
0.6150537634408603
0.266304347826087
0.5142450142450142
0.2554112554112554
0.23376623376623376
0.3134057971014493
0.1880952380952381
0.465
0.29051383399209485
0.3903133903133903
0.2953846153846154
0.45652173913043476
0.26406926406926406
0.32065217391304346
0.354978354978355
0.09740259740259741
0.15942028985507245
0.26877470355731226
0.3046153846153846
0.43
0.42298850574712643
0.2905982905982906
0.26992753623188404
0.3446153846153846
0.09683794466403162
0.335
0.255
0.34833333333333333
0.3333333333333333
0.44623655913978494
0.21146245059288538
0.24333333333333335
0.3170289855072464
0.23809523809523808
0.40476190476190477
0.3955026455026455
0.5423387096774194
0.5160098522167488
0.3008658008658009
0.30039525691699603
0.49846153846153846
0.5316666666666666
0.2943722943722944
0.2717391304347826
0.4369230769230769
0.2648221343873518
0.25296442687747034
0.35064935064935066
0.2845849802371542
0.44565217391304346
0.31
0.5480295566502463
0.4586894586894587
0.44664031620553357
0.30833333333333335
0.584280303030303
0.28774928774928776
0.24110671936758893
0.445
0.18831168831168832
0.1645021645021645
0.2792207792207792
0.24891774891774893
0.5265151515151515
0.4148550724637681
0.2865612648221344
0.3423913043478261
0.5881720430107527
0.483695652173913
0.341991341991342
0.22510822510822512
0.47435897435897434
0.22826086956521738
0.3646153846153846
0.22857142857142856
0.37
0.25952380952380955
0.4150197628458498
0.48307692307692307
0.32608695652173914
0.33152173913043476
0.18947368421052632
0.2748917748917749
0.23160173160173161
0.25889328063241107
0.4384057971014493
0.28804347826086957
0.5045977011494253
0.47354497354497355
0.2619047619047619
0.3278985507246377
0.5505747126436782
0.4907692307692308
0.3507692307692308
0.48615384615384616
0.48185483870967744
0.6531746031746032
0.3181818181818182
0.4076086956521739
0.28354978354978355
0.4667487684729064
0.5423280423280423
0.322463768115942
0.4722222222222222
0.3246753246753247
0.36231884057971014
0.22510822510822512
0.22666666666666666
0.30153846153846153
0.2683982683982684
0.26666666666666666
0.3416666666666667
0.2783333333333333
0.22943722943722944
0.34782608695652173
0.3953846153846154
0.39166666666666666
0.46164021164021163
0.5461538461538461
0.36363636363636365
0.3354978354978355
0.5030769230769231
0.43304843304843305
0.29446640316205536
0.35688405797101447
0.5913978494623656
0.35064935064935066
0.463768115942029
0.1595238095238095
0.27717391304347827
0.2554112554112554
0.2648221343873518
0.39920948616600793
0.36666666666666664
0.4257246376811594
0.4017094017094017
0.5640394088669951
0.44666666666666666
0.31225296442687744
0.2246153846153846
0.3952569169960474
0.5960591133004927
0.41106719367588934
0.2964426877470356
0.28354978354978355
0.11688311688311688
0.20166666666666666
0.2619047619047619
0.3967391304347826
0.5582010582010583
0.10526315789473684
0.17857142857142858
0.2549407114624506
0.5471264367816092
0.3201581027667984
0.22282608695652173
0.15800865800865802
0.10869565217391304
0.30626780626780625
0.29891304347826086
0.39666666666666667
0.45320197044334976
0.45320197044334976
0.3977832512315271
0.4221014492753623
0.4483333333333333
0.2976190476190476
0.5145502645502645
0.45
0.33794466403162055
0.33201581027667987
0.19264069264069264
0.4367816091954023
0.3866995073891626
0.4523809523809524
0.2509881422924901
0.5436507936507936
0.3804347826086957
0.2971014492753623
0.33116883116883117
0.28354978354978355
0.39311594202898553
0.2523076923076923
0.3637566137566138
0.26166666666666666
0.20952380952380953
0.20952380952380953
0.13203463203463203
0.3076923076923077
0.31666666666666665
0.3433333333333333
0.2353846153846154
0.2353846153846154
0.3439153439153439
0.35144927536231885
0.5542328042328042
0.29914529914529914
0.42473118279569894
0.45076923076923076
0.266304347826087
0.31601731601731603
0.31
0.39920948616600793
0.4444444444444444
0.545
0.5992063492063492
0.3466666666666667
0.21936758893280633
0.29347826086956524
0.5295566502463054
0.35
0.20995670995670995
0.3553846153846154
0.3333333333333333
0.3974358974358974
0.5166666666666667
0.4384057971014493
0.26666666666666666
0.25
0.15263157894736842
0.20476190476190476
0.17316017316017315
0.44664031620553357
0.18831168831168832
0.3892307692307692
0.3858695652173913
0.26406926406926406
0.35375494071146246
0.09740259740259741
0.17984189723320157
0.33760683760683763
0.2707509881422925
0.25296442687747034
0.28809523809523807
0.4540229885057471
0.25952380952380955
0.41
0.338768115942029
0.2510822510822511
0.36833333333333335
0.4230769230769231
0.4057971014492754
0.3134057971014493
0.42063492063492064
0.21014492753623187
0.365
0.3292307692307692
0.38746438746438744
0.3046153846153846
0.2572463768115942
0.40615384615384614
0.36333333333333334
0.14502164502164502
0.2336182336182336
0.30484330484330485
0.2727272727272727
0.20995670995670995
0.4667487684729064
0.09090909090909091
0.18421052631578946
0.27492877492877493
0.2846153846153846
0.16205533596837945
0.35467980295566504
0.17316017316017315
0.21212121212121213
0.3439153439153439
0.21428571428571427
0.2246376811594203
0.34601449275362317
0.34782608695652173
0.21212121212121213
0.14736842105263157
0.2619047619047619
0.22077922077922077
0.23692307692307693
0.4683333333333333
0.2792207792207792
0.28063241106719367
0.30237154150197626
0.2964426877470356
0.3433333333333333
0.2878787878787879
0.24703557312252963
0.2683982683982684
0.31601731601731603
0.21541501976284586
0.338768115942029
0.4672364672364672
0.21936758893280633
0.33
0.23833333333333334
0.455026455026455
0.32666666666666666
0.5119047619047619
0.5129032258064516
0.37351778656126483
0.32806324110671936
0.10714285714285714
0.31076923076923074
0.38492063492063494
0.27705627705627706
0.30303030303030304
0.411231884057971
0.09307359307359307
0.12845849802371542
0.5849753694581281
0.19913419913419914
0.2597402597402597
0.3593073593073593
0.14473684210526316
0.24025974025974026
0.18095238095238095
0.2833333333333333
0.3831908831908832
0.4090909090909091
0.18571428571428572
0.21557971014492755
0.39666666666666667
0.25889328063241107
0.3333333333333333
0.4886039886039886
0.5516129032258065
0.1761904761904762
0.37846153846153846
0.12142857142857143
0.18831168831168832
0.3735632183908046
0.18095238095238095
0.5172413793103449
0.37384615384615383
0.12554112554112554
0.38
0.3187830687830688
0.49206349206349204
0.39
0.43722943722943725
0.2
0.41
0.23333333333333334
0.4311594202898551
0.46169354838709675
0.28063241106719367
0.4475806451612903
0.4475806451612903
0.32051282051282054
0.2987012987012987
0.24242424242424243
0.1038961038961039
0.05714285714285714
0.18181818181818182
0.32407407407407407
0.28917378917378916
0.29333333333333333
0.04736842105263158
0.09473684210526316
0.27865612648221344
0.20355731225296442
0.13333333333333333
0.2028985507246377
0.1956521739130435
0.15367965367965367
0.14285714285714285
0.36363636363636365
0.5284090909090909
0.17965367965367965
0.1067193675889328
0.10238095238095238
0.14210526315789473
0.4666666666666667
0.1
0.5
0.3476923076923077
0.455
0.4586894586894587
0.4533333333333333
0.30952380952380953
0.37666666666666665
0.30666666666666664
0.18333333333333332
0.4707692307692308
0.6042780748663101
0.245
0.1368421052631579
0.36833333333333335
0.20153846153846153
0.27717391304347827
0.23809523809523808
0.35327635327635326
0.5359848484848485
0.2012987012987013
0.4057971014492754
0.2948717948717949
0.25296442687747034
0.14285714285714285
0.11578947368421053
0.2246376811594203
0.2857142857142857
0.10952380952380952
0.22077922077922077
0.2898550724637681
0.14285714285714285
0.23731884057971014
0.11471861471861472
0.21666666666666667
0.2608695652173913
0.3380952380952381
0.24456521739130435
0.16842105263157894
0.29285714285714287
0.05263157894736842
0.05263157894736842
0.04093567251461988
0.05847953216374269
0.3835978835978836
0.43915343915343913
0.1645021645021645
0.37333333333333335
0.23715415019762845
0.3
0.2792207792207792
0.13949275362318841
0.26877470355731226
0.5258620689655172
0.3547008547008547
0.1645021645021645
0.23333333333333334
0.3953846153846154
0.455
0.29523809523809524
0.29523809523809524
0.25296442687747034
0.23160173160173161
0.31620553359683795
0.22857142857142856
0.21146245059288538
0.16205533596837945
0.12857142857142856
0.27705627705627706
0.11190476190476191
0.11038961038961038
0.40307692307692305
0.31225296442687744
0.27865612648221344
0.266304347826087
0.3333333333333333
0.18181818181818182
0.40217391304347827
0.3423913043478261
0.13636363636363635
0.17572463768115942
0.2924901185770751
0.0761904761904762
0.19285714285714287
0.19913419913419914
0.26268115942028986
0.21146245059288538
0.24110671936758893
0.4528735632183908
0.3544973544973545
0.3544973544973545
0.3544973544973545
0.3544973544973545
0.28804347826086957
0.23731884057971014
0.15476190476190477
0.25952380952380955
0.21666666666666667
0.21666666666666667
0.20346320346320346
0.21666666666666667
0.21666666666666667
0.21666666666666667
0.36231884057971014
0.30626780626780625
0.14047619047619048
0.14047619047619048
0.24675324675324675
0.4003623188405797
0.24110671936758893
0.31385281385281383
0.15584415584415584
0.3675889328063241
0.43666666666666665
0.35375494071146246
0.5353846153846153
0.5169230769230769
0.48
0.17391304347826086
0.18831168831168832
0.2692307692307692
0.3339920948616601
0.23593073593073594
0.3241106719367589
0.1482213438735178
0.1482213438735178
0.17316017316017315
0.2261904761904762
0.2261904761904762
0.08008658008658008
0.12631578947368421
0.355
0.27705627705627706
0.3939393939393939
0.4216666666666667
0.12337662337662338
0.33116883116883117
0.25181159420289856
0.191699604743083
0.34057971014492755
0.44312169312169314
0.19696969696969696
0.19696969696969696
0.34601449275362317
0.37333333333333335
0.23376623376623376
0.4523076923076923
--------------------------------
top-10
0.6549707602339181
0.3333333333333333
0.4725274725274725
0.5441176470588235
0.5227272727272727
0.18181818181818182
0.12121212121212122
0.5636363636363636
0.5151515151515151
0.6403508771929824
0.3333333333333333
0.3626373626373626
0.5904761904761905
0.7279411764705882
0.6437908496732027
0.49583333333333335
0.6470588235294118
0.3904761904761905
0.6102941176470589
0.55
0.6405228758169934
0.4166666666666667
0.46794871794871795
0.4696969696969697
0.49166666666666664
0.21212121212121213
0.45054945054945056
0.15384615384615385
0.2545454545454545
0.4090909090909091
0.5142857142857142
0.23636363636363636
0.48484848484848486
0.25757575757575757
0.3333333333333333
0.475
0.47435897435897434
0.4777777777777778
0.19696969696969696
0.43956043956043955
0.6213235294117647
0.32051282051282054
0.6323529411764706
0.5955882352941176
0.5514705882352942
0.4621212121212121
0.24242424242424243
0.5514705882352942
0.4666666666666667
0.6875
0.4380952380952381
0.46153846153846156
0.16666666666666666
0.30303030303030304
0.2878787878787879
0.44761904761904764
0.3904761904761905
0.38095238095238093
0.4358974358974359
0.4725274725274725
0.3484848484848485
0.46153846153846156
0.6535947712418301
0.3141025641025641
0.38461538461538464
0.5523809523809524
0.6541666666666667
0.5735294117647058
0.4583333333333333
0.45054945054945056
0.4583333333333333
0.5047619047619047
0.41904761904761906
0.6285714285714286
0.6708333333333333
0.44583333333333336
0.5448717948717948
0.24358974358974358
0.5047619047619047
0.31868131868131866
0.25274725274725274
0.4523809523809524
0.7058823529411765
0.489010989010989
0.5367647058823529
0.5333333333333333
0.3076923076923077
0.5772058823529411
0.5095238095238095
0.2909090909090909
0.25
0.25757575757575757
0.6102941176470589
0.22727272727272727
0.5808823529411765
0.46153846153846156
0.4175824175824176
0.38461538461538464
0.5620915032679739
0.6166666666666667
0.23636363636363636
0.2948717948717949
0.46153846153846156
0.5439560439560439
0.6568627450980392
0.41025641025641024
0.20512820512820512
0.21794871794871795
0.27564102564102566
0.2692307692307692
0.20512820512820512
0.3076923076923077
0.4380952380952381
0.3717948717948718
0.4095238095238095
0.28205128205128205
0.4238095238095238
0.5083333333333333
0.4807692307692308
0.47619047619047616
0.4380952380952381
0.5166666666666667
0.4791666666666667
0.5666666666666667
0.31868131868131866
0.32051282051282054
0.36538461538461536
0.5190476190476191
0.3525641025641026
0.22727272727272727
0.5659340659340659
0.15151515151515152
0.38461538461538464
0.391025641025641
0.5291666666666667
0.46153846153846156
0.3333333333333333
0.5
0.45416666666666666
0.46703296703296704
0.45
0.475
0.3333333333333333
0.22435897435897437
0.5047619047619047
0.3076923076923077
0.3974358974358974
0.7
0.4835164835164835
0.4065934065934066
0.5541666666666667
0.5661764705882353
0.4835164835164835
0.3939393939393939
0.580952380952381
0.525
0.43956043956043955
0.5142857142857142
0.6
0.5523809523809524
0.5128205128205128
0.5458333333333333
0.16666666666666666
0.6397058823529411
0.475
0.5714285714285714
0.3626373626373626
0.3974358974358974
0.5769230769230769
0.4666666666666667
0.5992647058823529
0.5661764705882353
0.7105263157894737
0.7631578947368421
0.47435897435897434
0.49047619047619045
0.6143790849673203
0.6691176470588235
0.40384615384615385
0.3956043956043956
0.6838235294117647
0.5619047619047619
0.5047619047619047
0.4963235294117647
0.5
0.5054945054945055
0.6166666666666667
0.5705128205128205
0.5705128205128205
0.5659340659340659
0.2
0.25757575757575757
0.5916666666666667
0.3484848484848485
0.12727272727272726
0.6838235294117647
0.5
0.45454545454545453
0.3939393939393939
0.2777777777777778
0.4945054945054945
0.6
0.6323529411764706
0.2111111111111111
0.3333333333333333
0.21818181818181817
0.5571428571428572
0.4
0.10897435897435898
0.3181818181818182
0.6754385964912281
0.4666666666666667
0.4340659340659341
0.4621212121212121
0.4358974358974359
0.7058823529411765
0.4551282051282051
0.6166666666666667
0.24444444444444444
0.6764705882352942
0.4380952380952381
0.4
0.5583333333333333
0.5384615384615384
0.5619047619047619
0.5833333333333334
0.6507352941176471
0.625
0.7719298245614035
0.6047619047619047
0.6098901098901099
0.48095238095238096
0.5934065934065934
0.21794871794871795
0.6339869281045751
0.5808823529411765
0.7083333333333334
0.6571428571428571
0.7058823529411765
0.3717948717948718
0.3904761904761905
0.4090909090909091
0.4945054945054945
0.3952380952380952
0.6654411764705882
0.5384615384615384
0.7631578947368421
0.7058823529411765
0.48095238095238096
0.55
0.4
0.3484848484848485
0.47802197802197804
0.5833333333333334
0.2636363636363636
0.3333333333333333
0.4945054945054945
0.6013071895424836
0.4423076923076923
0.5992647058823529
0.5
0.4791666666666667
0.6601307189542484
0.3787878787878788
0.2948717948717949
0.6397058823529411
0.45054945054945056
0.580952380952381
0.625
0.3939393939393939
0.5220588235294118
0.5333333333333333
0.5238095238095238
0.4621212121212121
0.5054945054945055
0.06666666666666667
0.3076923076923077
0.2878787878787879
0.7631578947368421
0.42857142857142855
0.6617647058823529
0.3181818181818182
0.23076923076923078
0.4423076923076923
0.27564102564102566
0.7124183006535948
0.45714285714285713
0.521978021978022
0.25555555555555554
0.6041666666666666
0.3560606060606061
0.42424242424242425
0.45454545454545453
0.2
0.1111111111111111
0.41025641025641024
0.2878787878787879
0.5625
0.3904761904761905
0.16363636363636364
0.5512820512820513
0.3525641025641026
0.2
0.49523809523809526
0.28846153846153844
0.5083333333333333
0.3717948717948718
0.34285714285714286
0.21212121212121213
0.18181818181818182
0.46153846153846156
0.24358974358974358
0.37362637362637363
0.32967032967032966
0.5955882352941176
0.5992647058823529
0.5164835164835165
0.5151515151515151
0.7091503267973857
0.7189542483660131
0.5454545454545454
0.34065934065934067
0.6083333333333333
0.3076923076923077
0.34065934065934067
0.5714285714285714
0.44761904761904764
0.5761904761904761
0.4393939393939394
0.6900584795321637
0.6333333333333333
0.6654411764705882
0.5641025641025641
0.6213235294117647
0.03636363636363636
0.2909090909090909
0.6666666666666666
0.38181818181818183
0.2878787878787879
0.3021978021978022
0.17272727272727273
0.5166666666666667
0.6339869281045751
0.47435897435897434
0.4835164835164835
0.6535947712418301
0.6544117647058824
0.5583333333333333
0.5
0.5083333333333333
0.15151515151515152
0.4666666666666667
0.4090909090909091
0.5142857142857142
0.48717948717948717
0.5769230769230769
0.5955882352941176
0.30303030303030304
0.43956043956043955
0.23636363636363636
0.43956043956043955
0.3974358974358974
0.4175824175824176
0.5857142857142857
0.28846153846153844
0.5166666666666667
0.6397058823529411
0.4772727272727273
0.4358974358974359
0.6862745098039216
0.6764705882352942
0.3333333333333333
0.575
0.3791208791208791
0.6928104575163399
0.45054945054945056
0.5708333333333333
0.44871794871794873
0.3956043956043956
0.6862745098039216
0.5303030303030303
0.5666666666666667
0.41025641025641024
0.5274725274725275
0.2967032967032967
0.14545454545454545
0.4090909090909091
0.48717948717948717
0.38461538461538464
0.6089743589743589
0.4166666666666667
0.5555555555555556
0.4380952380952381
0.4835164835164835
0.6166666666666667
0.6583333333333333
0.6727941176470589
0.5054945054945055
0.5448717948717948
0.6102941176470589
0.6098901098901099
0.4015151515151515
0.47619047619047616
0.7631578947368421
0.5285714285714286
0.6176470588235294
0.4
0.5636363636363636
0.3717948717948718
0.6272727272727273
0.6029411764705882
0.4666666666666667
0.6
0.38095238095238093
0.7368421052631579
0.5333333333333333
0.44871794871794873
0.3484848484848485
0.510989010989011
0.7631578947368421
0.5916666666666667
0.47802197802197804
0.6089743589743589
0.37777777777777777
0.24545454545454545
0.32051282051282054
0.5054945054945055
0.7368421052631579
0.18888888888888888
0.34615384615384615
0.36363636363636365
0.5142857142857142
0.43956043956043955
0.36363636363636365
0.3090909090909091
0.08888888888888889
0.25757575757575757
0.4015151515151515
0.580952380952381
0.4791666666666667
0.4791666666666667
0.23076923076923078
0.5256410256410257
0.6041666666666666
0.48717948717948717
0.7058823529411765
0.5916666666666667
0.3952380952380952
0.4666666666666667
0.30303030303030304
0.4945054945054945
0.38461538461538464
0.4945054945054945
0.4166666666666667
0.6830065359477124
0.5681818181818182
0.18181818181818182
0.5571428571428572
0.41025641025641024
0.5190476190476191
0.4696969696969697
0.5274725274725275
0.4696969696969697
0.4393939393939394
0.36363636363636365
0.08888888888888889
0.3787878787878788
0.4065934065934066
0.3791208791208791
0.05454545454545454
0.05454545454545454
0.24242424242424243
0.4095238095238095
0.47435897435897434
0.2948717948717949
0.2692307692307692
0.5714285714285714
0.48717948717948717
0.41025641025641024
0.49242424242424243
0.6043956043956044
0.5367647058823529
0.7058823529411765
0.6838235294117647
0.5190476190476191
0.15384615384615385
0.5192307692307693
0.6535947712418301
0.532967032967033
0.45454545454545453
0.5054945054945055
0.18181818181818182
0.49583333333333335
0.6274509803921569
0.6666666666666666
0.4621212121212121
0.34545454545454546
0.30303030303030304
0.2727272727272727
0.3
0.5333333333333333
0.38181818181818183
0.3904761904761905
0.49583333333333335
0.696969696969697
0.6043956043956044
0.23636363636363636
0.3111111111111111
0.25757575757575757
0.3956043956043956
0.45454545454545453
0.4696969696969697
0.41911764705882354
0.391025641025641
0.5714285714285714
0.5428571428571428
0.42948717948717946
0.5916666666666667
0.6029411764705882
0.525
0.38461538461538464
0.4175824175824176
0.25757575757575757
0.5333333333333333
0.2564102564102564
0.49264705882352944
0.2692307692307692
0.30303030303030304
0.5824175824175825
0.38461538461538464
0.14393939393939395
0.044444444444444446
0.16666666666666666
0.44761904761904764
0.2727272727272727
0.3956043956043956
0.15151515151515152
0.34065934065934067
0.15555555555555556
0.19230769230769232
0.16363636363636364
0.23076923076923078
0.16666666666666666
0.31868131868131866
0.20512820512820512
0.34615384615384615
0.21212121212121213
0.4095238095238095
0.5
0.4393939393939394
0.23076923076923078
0.2967032967032967
0.4166666666666667
0.12727272727272726
0.6875
0.5705128205128205
0.5
0.45054945054945056
0.44871794871794873
0.358974358974359
0.46153846153846156
0.42948717948717946
0.4380952380952381
0.41025641025641024
0.41025641025641024
0.4095238095238095
0.5294117647058824
0.3106060606060606
0.34615384615384615
0.21794871794871795
0.475
0.3516483516483517
0.48333333333333334
0.5291666666666667
0.4
0.37362637362637363
0.13333333333333333
0.3181818181818182
0.45454545454545453
0.32051282051282054
0.48717948717948717
0.6
0.13333333333333333
0.14545454545454545
0.7222222222222222
0.16666666666666666
0.47435897435897434
0.4835164835164835
0.37272727272727274
0.38461538461538464
0.5454545454545454
0.2777777777777778
0.3076923076923077
0.5380952380952381
0.4065934065934066
0.38636363636363635
0.5047619047619047
0.46153846153846156
0.4358974358974359
0.6727941176470589
0.6029411764705882
0.2545454545454545
0.38461538461538464
0.16363636363636364
0.3717948717948718
0.19696969696969696
0.21212121212121213
0.55
0.26515151515151514
0.25757575757575757
0.3939393939393939
0.3787878787878788
0.6176470588235294
0.47619047619047616
0.65
0.38461538461538464
0.44505494505494503
0.4090909090909091
0.5083333333333333
0.3901098901098901
0.4945054945054945
0.37362637362637363
0.37362637362637363
0.24545454545454545
0.5494505494505495
0.44696969696969696
0.07272727272727272
0.09090909090909091
0.21818181818181817
0.3484848484848485
0.23636363636363636
0.4393939393939394
0.06363636363636363
0.22727272727272727
0.36363636363636365
0.2878787878787879
0.10909090909090909
0.2564102564102564
0.25757575757575757
0.22727272727272727
0.2727272727272727
0.42857142857142855
0.43956043956043955
0.28888888888888886
0.18181818181818182
0.15454545454545454
0.32727272727272727
0.33974358974358976
0.18181818181818182
0.42857142857142855
0.37362637362637363
0.6125
0.6323529411764706
0.6583333333333333
0.4835164835164835
0.45714285714285713
0.38095238095238093
0.23636363636363636
0.673202614379085
0.5992647058823529
0.2878787878787879
0.4
0.4666666666666667
0.17272727272727273
0.5
0.32051282051282054
0.4230769230769231
0.47058823529411764
0.4166666666666667
0.5882352941176471
0.15454545454545454
0.3525641025641026
0.3106060606060606
0.16363636363636364
0.36363636363636365
0.4175824175824176
0.2727272727272727
0.4772727272727273
0.26515151515151514
0.3181818181818182
0.2727272727272727
0.10909090909090909
0.3939393939393939
0.43636363636363634
0.5384615384615384
0.23636363636363636
0.3333333333333333
0.43956043956043955
0.08333333333333333
0.1111111111111111
0.05555555555555555
0.1111111111111111
0.4666666666666667
0.6111111111111112
0.20512820512820512
0.5047619047619047
0.3939393939393939
0.4393939393939394
0.4423076923076923
0.2
0.46153846153846156
0.6812865497076024
0.358974358974359
0.3090909090909091
0.358974358974359
0.5708333333333333
0.6470588235294118
0.3525641025641026
0.3525641025641026
0.3269230769230769
0.3076923076923077
0.38461538461538464
0.46153846153846156
0.32575757575757575
0.34545454545454546
0.3090909090909091
0.4725274725274725
0.23636363636363636
0.2545454545454545
0.5166666666666667
0.45054945054945056
0.391025641025641
0.4015151515151515
0.45
0.4090909090909091
0.5583333333333333
0.554945054945055
0.2636363636363636
0.28205128205128205
0.5769230769230769
0.12727272727272726
0.45454545454545453
0.24242424242424243
0.4230769230769231
0.4090909090909091
0.38636363636363635
0.3904761904761905
0.31868131868131866
0.31868131868131866
0.31868131868131866
0.31868131868131866
0.4318181818181818
0.43636363636363634
0.35454545454545455
0.41818181818181815
0.30128205128205127
0.30128205128205127
0.2545454545454545
0.30128205128205127
0.30128205128205127
0.30128205128205127
0.5274725274725275
0.24242424242424243
0.21818181818181817
0.21818181818181817
0.4175824175824176
0.55
0.36363636363636365
0.4945054945054945
0.21212121212121213
0.5523809523809524
0.6993464052287581
0.5054945054945055
0.7631578947368421
0.7058823529411765
0.6833333333333333
0.26666666666666666
0.35454545454545455
0.3712121212121212
0.5238095238095238
0.38461538461538464
0.46703296703296704
0.2545454545454545
0.2545454545454545
0.38181818181818183
0.32575757575757575
0.32575757575757575
0.08888888888888889
0.2
0.5274725274725275
0.45454545454545453
0.46153846153846156
0.5047619047619047
0.18181818181818182
0.3626373626373626
0.3181818181818182
0.22727272727272727
0.4945054945054945
0.4725274725274725
0.30303030303030304
0.30303030303030304
0.510989010989011
0.4065934065934066
0.16666666666666666
0.4835164835164835
--------------------------------
top-5
0.7222222222222222
0.42857142857142855
0.4642857142857143
0.4642857142857143
0.6428571428571429
0.4666666666666667
0.13333333333333333
0.5357142857142857
0.6944444444444444
0.5555555555555556
0.3333333333333333
0.13333333333333333
0.7777777777777778
0.7777777777777778
0.7777777777777778
0.42857142857142855
0.6785714285714286
0.3333333333333333
0.7222222222222222
0.5357142857142857
0.6666666666666666
0.48214285714285715
0.625
0.6785714285714286
0.3333333333333333
0.4
0.47619047619047616
0.0
0.23809523809523808
0.6666666666666666
0.48214285714285715
0.3333333333333333
0.7666666666666667
0.43333333333333335
0.6333333333333333
0.39285714285714285
0.5357142857142857
0.6785714285714286
0.4
0.23809523809523808
0.7638888888888888
0.4642857142857143
0.6111111111111112
0.5714285714285714
0.5
0.6071428571428571
0.4
0.5357142857142857
0.5238095238095238
0.7666666666666667
0.5714285714285714
0.47619047619047616
0.3
0.47619047619047616
0.5333333333333333
0.5277777777777778
0.13333333333333333
0.06666666666666667
0.5714285714285714
0.42857142857142855
0.38095238095238093
0.4642857142857143
0.6388888888888888
0.4
0.4722222222222222
0.6666666666666666
0.7777777777777778
0.6666666666666666
0.3333333333333333
0.38095238095238093
0.2857142857142857
0.5357142857142857
0.3333333333333333
0.6666666666666666
0.7777777777777778
0.2619047619047619
0.6071428571428571
0.2
0.5
0.26666666666666666
0.06666666666666667
0.6190476190476191
0.7321428571428571
0.5892857142857143
0.5714285714285714
0.5714285714285714
0.42857142857142855
0.5357142857142857
0.4642857142857143
0.3333333333333333
0.23809523809523808
0.26666666666666666
0.6785714285714286
0.2
0.7222222222222222
0.42857142857142855
0.5277777777777778
0.7333333333333333
0.5
0.7222222222222222
0.42857142857142855
0.4
0.4642857142857143
0.6666666666666666
0.75
0.4642857142857143
0.0
0.23809523809523808
0.2
0.3
0.2
0.2
0.47619047619047616
0.5
0.3333333333333333
0.26666666666666666
0.2857142857142857
0.38095238095238093
0.5535714285714286
0.5277777777777778
0.42857142857142855
0.5714285714285714
0.3333333333333333
0.6388888888888888
0.13333333333333333
0.38095238095238093
0.5178571428571429
0.32142857142857145
0.2857142857142857
0.26666666666666666
0.5972222222222222
0.2
0.4642857142857143
0.4
0.5357142857142857
0.23809523809523808
0.5
0.4642857142857143
0.5357142857142857
0.44642857142857145
0.5238095238095238
0.23809523809523808
0.42857142857142855
0.16666666666666666
0.35714285714285715
0.3333333333333333
0.5714285714285714
0.7777777777777778
0.5833333333333334
0.36666666666666664
0.5714285714285714
0.5357142857142857
0.6111111111111112
0.5714285714285714
0.7361111111111112
0.5238095238095238
0.42857142857142855
0.5357142857142857
0.7222222222222222
0.6388888888888888
0.5714285714285714
0.625
0.26666666666666666
0.7222222222222222
0.3333333333333333
0.6071428571428571
0.42857142857142855
0.5714285714285714
0.7083333333333334
0.32142857142857145
0.4107142857142857
0.42857142857142855
0.6666666666666666
0.7777777777777778
0.5178571428571429
0.23809523809523808
0.5
0.7777777777777778
0.6428571428571429
0.5714285714285714
0.7777777777777778
0.6666666666666666
0.6944444444444444
0.47619047619047616
0.6785714285714286
0.6428571428571429
0.5892857142857143
0.6944444444444444
0.6428571428571429
0.6071428571428571
0.26666666666666666
0.26666666666666666
0.7222222222222222
0.47619047619047616
0.3333333333333333
0.7777777777777778
0.7142857142857143
0.5892857142857143
0.42857142857142855
0.5666666666666667
0.6666666666666666
0.6944444444444444
0.7222222222222222
0.13333333333333333
0.26666666666666666
0.47619047619047616
0.7321428571428571
0.5555555555555556
0.14285714285714285
0.5238095238095238
0.7777777777777778
0.6428571428571429
0.4107142857142857
0.5952380952380952
0.3333333333333333
0.7777777777777778
0.7321428571428571
0.6388888888888888
0.4
0.5555555555555556
0.3333333333333333
0.3333333333333333
0.5
0.5
0.7222222222222222
0.5
0.6944444444444444
0.7777777777777778
0.7777777777777778
0.7777777777777778
0.75
0.6555555555555556
0.7777777777777778
0.2
0.6666666666666666
0.6428571428571429
0.7777777777777778
0.7777777777777778
0.6388888888888888
0.5714285714285714
0.4
0.6428571428571429
0.6388888888888888
0.3333333333333333
0.7777777777777778
0.6111111111111112
0.7777777777777778
0.7777777777777778
0.6666666666666666
0.38095238095238093
0.7142857142857143
0.6190476190476191
0.5714285714285714
0.6666666666666666
0.43333333333333335
0.5
0.43333333333333335
0.6666666666666666
0.75
0.7666666666666667
0.5357142857142857
0.5
0.5277777777777778
0.42857142857142855
0.38095238095238093
0.6388888888888888
0.4642857142857143
0.7222222222222222
0.7777777777777778
0.5714285714285714
0.2857142857142857
0.7222222222222222
0.6428571428571429
0.5714285714285714
0.6071428571428571
0.0
0.3333333333333333
0.6666666666666666
0.7777777777777778
0.5714285714285714
0.6388888888888888
0.42857142857142855
0.13333333333333333
0.5714285714285714
0.5333333333333333
0.7777777777777778
0.3333333333333333
0.75
0.5
0.6111111111111112
0.6190476190476191
0.5714285714285714
0.5714285714285714
0.3333333333333333
0.2857142857142857
0.5
0.5333333333333333
0.6944444444444444
0.3333333333333333
0.26666666666666666
0.7777777777777778
0.4642857142857143
0.23809523809523808
0.5
0.38095238095238093
0.6785714285714286
0.42857142857142855
0.3333333333333333
0.13333333333333333
0.13333333333333333
0.5714285714285714
0.13333333333333333
0.4666666666666667
0.3333333333333333
0.6428571428571429
0.6388888888888888
0.6428571428571429
0.8095238095238095
0.7777777777777778
0.7777777777777778
0.6111111111111112
0.23809523809523808
0.7222222222222222
0.3333333333333333
0.26666666666666666
0.6111111111111112
0.5238095238095238
0.6944444444444444
0.5714285714285714
0.6388888888888888
0.75
0.7777777777777778
0.7222222222222222
0.7222222222222222
0.0
0.4666666666666667
0.7777777777777778
0.42857142857142855
0.42857142857142855
0.36666666666666664
0.4
0.5357142857142857
0.75
0.6428571428571429
0.6111111111111112
0.7222222222222222
0.7777777777777778
0.6666666666666666
0.6785714285714286
0.4642857142857143
0.13333333333333333
0.4722222222222222
0.47619047619047616
0.6111111111111112
0.6388888888888888
0.5714285714285714
0.5714285714285714
0.2
0.5
0.2
0.2857142857142857
0.5357142857142857
0.5
0.6944444444444444
0.2
0.5714285714285714
0.6666666666666666
0.6428571428571429
0.6071428571428571
0.6944444444444444
0.7777777777777778
0.4
0.6071428571428571
0.23809523809523808
0.7777777777777778
0.5
0.6666666666666666
0.6666666666666666
0.38095238095238093
0.7777777777777778
0.7857142857142857
0.7638888888888888
0.6071428571428571
0.6944444444444444
0.2857142857142857
0.3
0.7142857142857143
0.6428571428571429
0.5714285714285714
0.7083333333333334
0.6190476190476191
0.6785714285714286
0.5714285714285714
0.6388888888888888
0.7222222222222222
0.7777777777777778
0.7777777777777778
0.6071428571428571
0.7222222222222222
0.6944444444444444
0.7222222222222222
0.5952380952380952
0.5714285714285714
0.7777777777777778
0.6944444444444444
0.6666666666666666
0.5238095238095238
0.75
0.47619047619047616
0.9047619047619048
0.6428571428571429
0.5714285714285714
0.7777777777777778
0.06666666666666667
0.7777777777777778
0.5714285714285714
0.6428571428571429
0.6190476190476191
0.7222222222222222
0.7777777777777778
0.6388888888888888
0.6111111111111112
0.6964285714285714
0.6428571428571429
0.4666666666666667
0.5714285714285714
0.7222222222222222
0.7777777777777778
0.2
0.2857142857142857
0.38095238095238093
0.5
0.5
0.5714285714285714
0.42857142857142855
0.2
0.4
0.5952380952380952
0.7777777777777778
0.38095238095238093
0.38095238095238093
0.23809523809523808
0.6904761904761905
0.75
0.5714285714285714
0.7777777777777778
0.5
0.2619047619047619
0.4642857142857143
0.42857142857142855
0.5714285714285714
0.42857142857142855
0.6666666666666666
0.42857142857142855
0.7777777777777778
0.7083333333333334
0.4
0.6388888888888888
0.7678571428571429
0.6785714285714286
0.6388888888888888
0.6428571428571429
0.7142857142857143
0.6785714285714286
0.5714285714285714
0.26666666666666666
0.5238095238095238
0.5
0.5476190476190477
0.2
0.2
0.38095238095238093
0.26666666666666666
0.26666666666666666
0.2857142857142857
0.23809523809523808
0.6388888888888888
0.8095238095238095
0.5714285714285714
0.7619047619047619
0.6944444444444444
0.5833333333333334
0.7777777777777778
0.7777777777777778
0.5714285714285714
0.0
0.6785714285714286
0.7222222222222222
0.7777777777777778
0.6428571428571429
0.7222222222222222
0.2
0.5277777777777778
0.6111111111111112
0.7777777777777778
0.8333333333333334
0.47619047619047616
0.6071428571428571
0.5333333333333333
0.47619047619047616
0.47619047619047616
0.5357142857142857
0.2
0.5
0.6388888888888888
0.7222222222222222
0.3333333333333333
0.5714285714285714
0.42857142857142855
0.4
0.5714285714285714
0.7857142857142857
0.32142857142857145
0.38095238095238093
0.6428571428571429
0.7222222222222222
0.5238095238095238
0.7857142857142857
0.6428571428571429
0.42857142857142855
0.23809523809523808
0.38095238095238093
0.4666666666666667
0.7222222222222222
0.2
0.4642857142857143
0.06666666666666667
0.3
0.7777777777777778
0.4642857142857143
0.06666666666666667
0.1
0.26666666666666666
0.42857142857142855
0.3333333333333333
0.26666666666666666
0.0
0.06666666666666667
0.06666666666666667
0.1
0.13333333333333333
0.3
0.06666666666666667
0.26666666666666666
0.1
0.2857142857142857
0.06666666666666667
0.38095238095238093
0.42857142857142855
0.4642857142857143
0.06666666666666667
0.13333333333333333
0.42857142857142855
0.0
0.6527777777777778
0.6805555555555556
0.5714285714285714
0.42857142857142855
0.42857142857142855
0.38095238095238093
0.5714285714285714
0.5972222222222222
0.3333333333333333
0.4642857142857143
0.2857142857142857
0.23809523809523808
0.3333333333333333
0.38095238095238093
0.38095238095238093
0.1
0.23809523809523808
0.23809523809523808
0.2857142857142857
0.5714285714285714
0.3333333333333333
0.38095238095238093
0.06666666666666667
0.5238095238095238
0.6
0.4
0.6428571428571429
0.6666666666666666
0.1
0.2
0.7777777777777778
0.1
0.6428571428571429
0.6190476190476191
0.6428571428571429
0.4
0.8055555555555556
0.5
0.4666666666666667
0.6428571428571429
0.42857142857142855
0.6190476190476191
0.3333333333333333
0.5
0.6428571428571429
0.7777777777777778
0.6388888888888888
0.3333333333333333
0.42857142857142855
0.06666666666666667
0.5357142857142857
0.2857142857142857
0.13333333333333333
0.6428571428571429
0.5
0.23809523809523808
0.7380952380952381
0.5714285714285714
0.6388888888888888
0.47619047619047616
0.7777777777777778
0.38095238095238093
0.6190476190476191
0.5952380952380952
0.23809523809523808
0.3333333333333333
0.6111111111111112
0.3333333333333333
0.3333333333333333
0.5333333333333333
0.5714285714285714
0.6666666666666666
0.0
0.13333333333333333
0.38095238095238093
0.5714285714285714
0.4666666666666667
0.7142857142857143
0.0
0.26666666666666666
0.6190476190476191
0.5333333333333333
0.2
0.2
0.4
0.23809523809523808
0.2
0.6190476190476191
0.5714285714285714
0.5238095238095238
0.42857142857142855
0.3333333333333333
0.6190476190476191
0.5
0.2857142857142857
0.6428571428571429
0.5476190476190477
0.7083333333333334
0.6388888888888888
0.7777777777777778
0.4642857142857143
0.4642857142857143
0.4166666666666667
0.4
0.6944444444444444
0.625
0.38095238095238093
0.5714285714285714
0.6071428571428571
0.4
0.75
0.6
0.5178571428571429
0.23809523809523808
0.5
0.6666666666666666
0.3
0.42857142857142855
0.42857142857142855
0.3333333333333333
0.5714285714285714
0.3333333333333333
0.3333333333333333
0.6388888888888888
0.35714285714285715
0.42857142857142855
0.6
0.4
0.38095238095238093
0.6428571428571429
0.6111111111111112
0.5714285714285714
0.23809523809523808
0.5714285714285714
0.2
0.26666666666666666
0.06666666666666667
0.26666666666666666
0.5238095238095238
0.5357142857142857
0.1
0.5357142857142857
0.6666666666666666
0.6111111111111112
0.7142857142857143
0.4
0.6071428571428571
0.625
0.5714285714285714
0.47619047619047616
0.6666666666666666
0.6428571428571429
0.7111111111111111
0.38095238095238093
0.38095238095238093
0.5238095238095238
0.42857142857142855
0.5714285714285714
0.6071428571428571
0.6333333333333333
0.5714285714285714
0.47619047619047616
0.5714285714285714
0.26666666666666666
0.3333333333333333
0.5714285714285714
0.42857142857142855
0.5714285714285714
0.6785714285714286
0.26666666666666666
0.5714285714285714
0.5357142857142857
0.7083333333333334
0.3333333333333333
0.42857142857142855
0.6388888888888888
0.26666666666666666
0.5
0.4666666666666667
0.42857142857142855
0.5238095238095238
0.5
0.5
0.3333333333333333
0.3333333333333333
0.3333333333333333
0.3333333333333333
0.6428571428571429
0.5357142857142857
0.6190476190476191
0.7619047619047619
0.6
0.6
0.5238095238095238
0.6
0.6
0.6
0.6944444444444444
0.3333333333333333
0.3333333333333333
0.3333333333333333
0.5714285714285714
0.6805555555555556
0.6111111111111112
0.5714285714285714
0.26666666666666666
0.6388888888888888
0.7777777777777778
0.5
0.7777777777777778
0.7777777777777778
0.7777777777777778
0.4666666666666667
0.5
0.5892857142857143
0.6428571428571429
0.4666666666666667
0.6071428571428571
0.4
0.4
0.6428571428571429
0.6428571428571429
0.6428571428571429
0.4
0.3333333333333333
0.6428571428571429
0.6785714285714286
0.5714285714285714
0.5714285714285714
0.3
0.48214285714285715
0.4107142857142857
0.2619047619047619
0.6785714285714286
0.6428571428571429
0.38095238095238093
0.38095238095238093
0.6071428571428571
0.6666666666666666
0.36666666666666664
0.6785714285714286
--------------------------------
top-3
0.8
0.16666666666666666
0.3333333333333333
0.3333333333333333
0.8
0.5
0.3333333333333333
0.4166666666666667
0.8
0.6
0.5
0.0
0.8
0.8
0.8
0.16666666666666666
0.8
0.3333333333333333
0.8
0.6
0.7
0.5
0.8
0.8
0.16666666666666666
0.5
0.5
0.0
0.0
0.7
0.5
0.3333333333333333
0.8
0.4166666666666667
0.7
0.6
0.5
0.7
0.6666666666666666
0.0
0.8
0.3333333333333333
0.5
0.5
0.5
1.0
0.5
0.6
0.7
0.8
0.7
0.5
0.5
0.5
0.7
0.6
0.16666666666666666
0.0
0.6
0.3
0.5
0.3333333333333333
0.6
0.6666666666666666
0.6
0.6
0.8
0.6
0.5
0.5
0.16666666666666666
0.6666666666666666
0.3333333333333333
0.7
0.8
0.0
0.7
0.16666666666666666
0.5
0.3333333333333333
0.0
0.9
0.8
0.7
0.6
0.5
0.6666666666666666
0.6666666666666666
0.5
0.16666666666666666
0.0
0.3333333333333333
0.9
0.0
0.8
0.16666666666666666
0.6
0.7
0.5
0.8
0.5
0.6666666666666666
0.3333333333333333
0.7
0.8
0.3333333333333333
0.0
0.3333333333333333
0.3333333333333333
0.6666666666666666
0.6666666666666666
0.3333333333333333
0.8333333333333334
0.5
0.3333333333333333
0.16666666666666666
0.16666666666666666
0.3333333333333333
0.6
0.6
0.16666666666666666
0.7
0.16666666666666666
0.6
0.3333333333333333
0.3333333333333333
0.5833333333333334
0.16666666666666666
0.3333333333333333
0.3333333333333333
0.5
0.3333333333333333
0.4
0.5
0.5
0.6666666666666666
0.5
0.5
0.5
0.25
0.5
0.0
0.5
0.16666666666666666
0.3
0.16666666666666666
0.5
0.8
0.6
0.5833333333333334
0.7
0.5
0.5
0.7
0.8
0.6
0.6666666666666666
0.6
0.8
0.6
0.6
0.65
0.5
0.8
0.16666666666666666
0.7
0.6666666666666666
0.7
0.8
0.16666666666666666
0.16666666666666666
0.3
0.6
0.8
0.5
0.0
0.5
0.8
0.8
0.8
0.8
0.7
0.8
0.6666666666666666
0.8
0.8
0.5
0.8
0.8
0.7
0.16666666666666666
0.16666666666666666
0.8
0.6
0.5
0.8
0.8
0.4166666666666667
0.5
0.7
0.7
0.8
0.8
0.0
0.3333333333333333
0.6666666666666666
0.8
0.6
0.2
0.5
0.8
0.8
0.3
0.6
0.3
0.8
0.8
0.6
0.5
0.6
0.16666666666666666
0.3333333333333333
0.5
0.5
0.8
0.3333333333333333
0.8
0.8
0.8
0.8
0.8
0.7666666666666667
0.8
0.3333333333333333
0.8
0.8
0.6
0.8
0.6
0.6666666666666666
0.3333333333333333
0.7
0.6
0.3333333333333333
0.8
0.5
0.8
0.8
0.8
0.16666666666666666
0.8
0.7
0.8
0.6
0.5833333333333334
0.5
0.5
0.6
0.8
0.7666666666666667
0.6
0.5
0.4
0.5
1.0
0.6
0.3333333333333333
0.8
0.8
0.5
0.3333333333333333
0.8
0.7
0.7
0.7
0.0
0.5
0.7
0.8
0.6
0.6
0.6666666666666666
0.0
0.6
0.8333333333333334
0.8
0.3333333333333333
0.8
1.0
0.5
0.7
0.6
0.6
0.16666666666666666
0.16666666666666666
0.5
0.7
0.8
0.3333333333333333
0.5
0.8
0.3333333333333333
0.0
0.5
0.5
0.8
0.6666666666666666
0.4
0.0
0.0
0.5
0.0
0.5
0.3333333333333333
0.8
0.6
0.8
0.8
0.8
0.8
0.5
0.0
0.8
0.5
0.3333333333333333
0.5
0.7
0.8
0.8
0.6
0.8
0.8
0.8
0.8
0.0
0.6
0.8
0.3333333333333333
0.6666666666666666
0.16666666666666666
0.5
0.5
0.8
0.8
0.5
0.8
0.8
0.7
0.8
0.3333333333333333
0.16666666666666666
0.4
0.4
0.5
0.6
0.7
0.6
0.3333333333333333
0.5
0.16666666666666666
0.16666666666666666
0.5
0.5
0.8
0.16666666666666666
0.6
0.7
0.8
0.7
0.8
0.8
0.3333333333333333
0.7
0.0
0.8
0.5
0.7
0.6
0.5
0.8
0.8
0.8
0.6
0.8
0.16666666666666666
0.6666666666666666
0.8
0.7
0.8
0.8
0.7
0.7
0.6
0.6
0.8
0.8
0.8
0.7
0.5
0.8
0.8
0.8
0.7
0.8
0.8
0.8
0.7
0.8
0.6666666666666666
0.8
0.7
0.5
0.8
0.0
0.8
0.7
0.8
0.8
0.8
0.8
0.6
0.5
0.7666666666666667
0.8
0.7
0.8
0.8
0.8
0.08333333333333333
0.3333333333333333
0.16666666666666666
0.5
0.5
0.7
0.16666666666666666
0.3333333333333333
0.6666666666666666
0.8
0.8
0.5
0.5
0.0
0.9
0.8
0.7
0.8
0.5
0.0
0.3333333333333333
0.6666666666666666
0.8333333333333334
0.16666666666666666
0.8
0.16666666666666666
0.8
0.8
0.5
0.6
0.9
0.8
0.6
0.8
0.8
0.8
0.5
0.3333333333333333
0.7
0.7
0.7
0.6666666666666666
0.6666666666666666
0.5
0.3333333333333333
0.25
0.16666666666666666
0.0
0.6
0.8
0.7
0.7
0.8
0.6
0.8
0.8
0.6
0.0
0.8
0.8
0.8
0.8
0.8
0.16666666666666666
0.4
0.5
0.8
0.8
0.5
0.7
0.7
0.5
0.6
0.5
0.3333333333333333
0.5
0.6
0.8
0.16666666666666666
0.6
0.6666666666666666
0.5
0.8
0.8
0.5
0.4
0.8
0.8
0.7
0.9166666666666666
0.8
0.16666666666666666
0.0
0.5
0.5
0.8
0.16666666666666666
0.3333333333333333
0.0
0.16666666666666666
0.8
0.3333333333333333
0.0
0.3333333333333333
0.3333333333333333
0.5
0.3333333333333333
0.3333333333333333
0.0
0.0
0.0
0.3333333333333333
0.0
0.3333333333333333
0.0
0.16666666666666666
0.0
0.16666666666666666
0.0
0.5
0.16666666666666666
0.3333333333333333
0.0
0.0
0.5
0.0
0.7
0.7
0.8
0.16666666666666666
0.16666666666666666
0.16666666666666666
0.6
0.5
0.3333333333333333
0.3333333333333333
0.16666666666666666
0.0
0.16666666666666666
0.3333333333333333
0.16666666666666666
0.3333333333333333
0.0
0.0
0.3333333333333333
0.6
0.3333333333333333
0.5
0.0
0.7
1.0
0.5
0.8
0.7
0.0
0.3333333333333333
0.8
0.0
0.8
0.6
0.7666666666666667
0.3333333333333333
0.8
0.5
0.6666666666666666
0.8
0.6666666666666666
0.7
0.3333333333333333
0.5
0.8
0.8
0.6
0.5
0.5
0.0
0.6666666666666666
0.5
0.0
0.8
0.8333333333333334
0.0
0.85
0.7
0.6
0.6
0.8
0.3333333333333333
0.7
0.65
0.0
0.5
0.5
0.5
0.5
1.0
0.7
0.9
0.0
0.0
0.3333333333333333
0.8
0.6666666666666666
0.7
0.0
0.3333333333333333
0.7
0.7
0.3333333333333333
0.16666666666666666
0.5
0.0
0.16666666666666666
0.9
0.7
0.5
0.5
0.3333333333333333
0.8
0.5833333333333334
0.16666666666666666
0.8
0.7
0.8
0.6
0.8
0.3333333333333333
0.3333333333333333
0.6
0.5
0.8
0.6
0.4
0.7
0.8
0.6666666666666666
0.8
0.7
0.6666666666666666
0.0
0.7
0.7
0.5
0.5
0.5
0.5
0.7
0.3333333333333333
0.16666666666666666
0.6
0.3333333333333333
0.5
0.6
0.6666666666666666
0.5
0.7
0.5
0.6
0.0
0.7
0.16666666666666666
0.3333333333333333
0.0
0.3333333333333333
0.7
0.6666666666666666
0.16666666666666666
0.5
0.7
0.5
0.8
0.6666666666666666
0.7
0.55
0.8
0.6
0.7
0.8
0.7666666666666667
0.5
0.5
0.7
0.5
0.8
0.8
0.7
0.8
0.3333333333333333
0.5
0.3333333333333333
0.3333333333333333
0.6
0.16666666666666666
0.7
0.8
0.3333333333333333
0.6
0.5
0.8
0.6666666666666666
0.6666666666666666
0.6
0.3333333333333333
0.5
0.8333333333333334
0.6666666666666666
0.7
0.5
0.5
0.5833333333333334
0.5833333333333334
0.5833333333333334
0.5833333333333334
0.6
0.6666666666666666
0.8
0.8
0.6
0.6
0.7
0.6
0.6
0.6
0.8
0.5
0.5
0.5
0.7
0.8
0.5
0.7
0.16666666666666666
0.6
0.8
0.55
0.8
0.8
0.8
0.6666666666666666
0.6666666666666666
0.7
0.8
0.5
0.6
0.5
0.5
0.7666666666666667
0.8
0.8
0.5
0.6666666666666666
0.8
0.8
0.7
0.7
0.3333333333333333
0.5
0.16666666666666666
0.16666666666666666
0.8
0.8
0.5
0.5
0.8
0.7
0.5
0.8
