--------------------------------
top-20
0.0
0.031578947368421054
0.0
0.034210526315789476
0.08421052631578947
0.08421052631578947
0.08421052631578947
0.08421052631578947
0.12631578947368421
0.10476190476190476
0.02631578947368421
0.25517241379310346
0.08095238095238096
0.08095238095238096
0.0
0.013157894736842105
0.0
0.0
0.0
0.034210526315789476
0.034210526315789476
0.034210526315789476
0.034210526315789476
0.034210526315789476
0.034210526315789476
0.034210526315789476
0.034210526315789476
0.0
0.034210526315789476
0.034210526315789476
0.11315789473684211
0.0
0.3423913043478261
0.034210526315789476
0.034210526315789476
0.034210526315789476
0.013157894736842105
0.03684210526315789
0.3423913043478261
0.0
0.034210526315789476
0.07142857142857142
0.034210526315789476
0.039473684210526314
0.08095238095238096
0.03684210526315789
0.03684210526315789
0.02894736842105263
0.3423913043478261
0.07142857142857142
0.03684210526315789
0.03684210526315789
0.0
0.034210526315789476
0.17316017316017315
0.04473684210526316
0.17316017316017315
0.0
0.034210526315789476
0.02894736842105263
0.02894736842105263
0.02894736842105263
0.05789473684210526
0.03684210526315789
0.05194805194805195
0.05194805194805195
0.05194805194805195
0.07631578947368421
0.03684210526315789
0.08947368421052632
0.03684210526315789
0.05789473684210526
0.007894736842105263
0.05526315789473684
0.05526315789473684
0.03684210526315789
0.042105263157894736
0.05526315789473684
0.03684210526315789
0.002631578947368421
0.10666666666666667
0.04736842105263158
0.007142857142857143
0.007142857142857143
0.034210526315789476
0.002631578947368421
0.05
0.05
0.05
0.05
0.007142857142857143
0.04736842105263158
0.034210526315789476
0.11315789473684211
0.04736842105263158
0.05
0.03684210526315789
0.047619047619047616
0.007142857142857143
0.0
0.0
0.0
0.0
0.19523809523809524
0.02368421052631579
0.002631578947368421
0.002631578947368421
0.002631578947368421
0.034210526315789476
0.002631578947368421
0.002631578947368421
0.015789473684210527
0.002631578947368421
0.002631578947368421
0.002631578947368421
0.002631578947368421
0.034210526315789476
0.002631578947368421
0.002631578947368421
0.002631578947368421
0.002631578947368421
0.0
0.002631578947368421
0.034210526315789476
0.002631578947368421
0.013157894736842105
0.002631578947368421
0.002631578947368421
0.002631578947368421
0.0
0.002631578947368421
0.03684210526315789
0.05263157894736842
0.1956521739130435
0.23157894736842105
0.05263157894736842
NaN
0.05263157894736842
0.05789473684210526
0.1523809523809524
0.05263157894736842
0.05263157894736842
0.05789473684210526
0.17894736842105263
0.05263157894736842
0.05789473684210526
0.034210526315789476
0.1541501976284585
0.034210526315789476
0.031578947368421054
0.034210526315789476
NaN
0.05952380952380952
0.015789473684210527
0.05952380952380952
0.015789473684210527
0.2261904761904762
0.07894736842105263
0.0
0.013157894736842105
0.013157894736842105
0.04736842105263158
0.11857707509881422
0.013157894736842105
0.013157894736842105
0.04736842105263158
0.013157894736842105
0.15789473684210525
0.013157894736842105
0.013157894736842105
0.11857707509881422
0.013157894736842105
0.2438423645320197
0.11857707509881422
0.2438423645320197
0.2438423645320197
0.005263157894736842
0.2438423645320197
0.005263157894736842
0.005263157894736842
0.005263157894736842
0.005263157894736842
0.005263157894736842
0.005263157894736842
0.005263157894736842
0.2438423645320197
0.005263157894736842
0.005263157894736842
0.005263157894736842
0.005263157894736842
0.005263157894736842
0.4155844155844156
0.4155844155844156
0.005263157894736842
0.14736842105263157
0.03684210526315789
0.060526315789473685
0.08157894736842106
0.060526315789473685
0.11904761904761904
0.060526315789473685
0.060526315789473685
0.060526315789473685
0.0
0.05263157894736842
0.0
0.0
0.0
NaN
NaN
0.0
0.0
0.0
0.0
0.0
0.09047619047619047
0.0
0.0
0.0
0.0
0.0
0.0
0.0
0.0
0.20346320346320346
0.0
0.0
0.0
0.0
0.0
0.0
0.0
0.09047619047619047
0.16883116883116883
0.0
0.0
0.22727272727272727
0.0
0.4815384615384615
NaN
0.0
0.0
0.031578947368421054
0.09285714285714286
0.09285714285714286
0.09285714285714286
0.09285714285714286
0.03684210526315789
0.05476190476190476
0.29210526315789476
0.05476190476190476
0.042105263157894736
0.042105263157894736
0.042105263157894736
0.05476190476190476
0.014285714285714285
0.2894736842105263
0.009523809523809525
0.014285714285714285
0.014285714285714285
0.014285714285714285
0.01904761904761905
0.014285714285714285
0.01904761904761905
0.20238095238095238
0.010526315789473684
0.01904761904761905
0.01904761904761905
0.01904761904761905
0.18478260869565216
0.0533596837944664
0.0533596837944664
0.0533596837944664
0.16485507246376813
0.06126482213438735
0.11857707509881422
0.13636363636363635
0.254985754985755
0.13636363636363635
0.13636363636363635
0.13636363636363635
0.11842105263157894
0.007894736842105263
0.007894736842105263
0.0
0.007894736842105263
0.007894736842105263
0.007894736842105263
0.007894736842105263
0.007894736842105263
0.007894736842105263
0.007894736842105263
0.007894736842105263
0.36615384615384616
0.007894736842105263
0.36615384615384616
0.007894736842105263
0.08571428571428572
0.08571428571428572
0.08571428571428572
0.007894736842105263
0.36615384615384616
0.007894736842105263
0.015789473684210527
0.0
0.3333333333333333
0.3333333333333333
0.6666666666666666
0.0
0.17857142857142858
0.17857142857142858
0.0
0.0
0.0
0.0
0.0
0.1038961038961039
0.1038961038961039
0.1038961038961039
0.14502164502164502
0.1038961038961039
0.060526315789473685
0.0
0.0
0.0
0.0
0.0
0.0
0.0
0.0
0.0
0.0
0.0
0.0
0.0
0.0
0.0
0.0
0.13095238095238096
0.0
0.13095238095238096
0.0
0.0
0.0
0.0
0.10869565217391304
0.0
0.0
0.0
0.0
0.0
0.0
0.14761904761904762
NaN
NaN
NaN
NaN
0.1123076923076923
0.1123076923076923
0.0
0.0
0.0
0.0
0.0
0.0
0.04523809523809524
0.0
0.0
0.0
0.0
0.09047619047619047
0.09047619047619047
0.002631578947368421
0.0
0.0
0.0
0.06842105263157895
0.0
0.08333333333333333
0.0
0.0
0.0
0.0
0.0
0.08333333333333333
0.0
0.0
0.0
0.25
0.1893939393939394
0.18181818181818182
0.0761904761904762
0.045454545454545456
0.13636363636363635
0.1893939393939394
0.045454545454545456
0.045454545454545456
0.0761904761904762
0.14393939393939395
0.14393939393939395
0.18181818181818182
0.045454545454545456
0.045454545454545456
0.08095238095238096
0.13636363636363635
0.08095238095238096
0.17391304347826086
0.17391304347826086
0.22333333333333333
0.17193675889328064
0.15019762845849802
0.17391304347826086
0.17391304347826086
0.17391304347826086
0.1277056277056277
0.17391304347826086
0.24153846153846154
0.19
0.16205533596837945
0.0761904761904762
0.17786561264822134
0.1277056277056277
0.20833333333333334
0.15019762845849802
0.17193675889328064
0.17391304347826086
0.1277056277056277
0.16205533596837945
0.18774703557312253
0.17391304347826086
0.0
0.22333333333333333
0.20471014492753623
0.20833333333333334
0.15019762845849802
0.17391304347826086
0.17391304347826086
0.17391304347826086
0.08095238095238096
0.1277056277056277
0.08095238095238096
NaN
0.0761904761904762
NaN
0.0
0.0
0.0
0.0
0.0761904761904762
0.0
0.0
0.08095238095238096
0.0
0.0
0.0
0.0
0.0
0.0
0.0
0.0
0.0761904761904762
0.0
0.0
0.0
0.0
0.0761904761904762
0.0
0.4876923076923077
0.4216666666666667
0.0
0.0
0.0
0.0
0.0
0.0
0.0
0.0
0.039473684210526314
0.02894736842105263
0.02894736842105263
0.02894736842105263
0.02894736842105263
0.11842105263157894
0.0
0.0
0.0
0.0
0.0
0.0
0.0
0.0
0.0
0.45692307692307693
0.0
0.0
0.013157894736842105
0.013157894736842105
0.13095238095238096
0.0
0.0
0.0
0.0
0.0
0.0
0.0
0.0
0.0
0.0
0.0
0.0
0.0
0.0
0.0
0.0
0.0
0.0
0.0
0.0
0.2012987012987013
0.0
0.0
0.0
0.0
0.0
0.0
0.0
0.0
0.010526315789473684
0.010526315789473684
0.010526315789473684
0.010526315789473684
0.08571428571428572
0.0
0.010526315789473684
0.010526315789473684
0.010526315789473684
0.010526315789473684
0.2549407114624506
0.010526315789473684
0.0
0.0
0.010526315789473684
0.08571428571428572
0.0
0.0
0.0
0.14736842105263157
0.11666666666666667
0.11666666666666667
0.16666666666666666
0.0
0.039473684210526314
0.3333333333333333
0.3333333333333333
0.6666666666666666
0.039473684210526314
0.0
0.0
0.0
0.0
0.0
0.0
0.0
0.0
0.039473684210526314
0.0
0.0
0.0
0.0
0.0
0.0
0.12105263157894737
0.0
0.0
0.274703557312253
0.0
0.0
0.0
0.0
0.0
0.0
0.0
0.0
0.0
0.0
0.0
0.0
0.0
0.0
0.0
0.0
0.10476190476190476
0.002631578947368421
0.002631578947368421
0.002631578947368421
0.031578947368421054
0.002631578947368421
0.002631578947368421
0.08333333333333333
0.002631578947368421
0.002631578947368421
0.002631578947368421
0.002631578947368421
0.002631578947368421
0.031578947368421054
0.06842105263157895
0.002631578947368421
0.007894736842105263
0.002631578947368421
0.08333333333333333
0.02142857142857143
0.02142857142857143
0.02142857142857143
0.02142857142857143
0.02142857142857143
0.16485507246376813
0.02142857142857143
0.02142857142857143
0.016666666666666666
0.16485507246376813
0.02142857142857143
0.02142857142857143
0.19047619047619047
0.20789473684210527
0.013157894736842105
0.031578947368421054
0.010526315789473684
0.031578947368421054
0.0
0.0
0.0
0.18095238095238095
0.16666666666666666
0.0
0.0
0.0
0.0
0.13157894736842105
0.0
0.0
0.0
0.2845849802371542
0.0
0.0
0.0
0.0
0.0
0.0
0.0
0.0
0.0
0.0
0.0
0.0
0.0
0.0
0.0
0.0
0.11666666666666667
0.0
0.0
0.0
0.0
0.0
0.0
0.0
0.0
0.48307692307692307
0.02631578947368421
0.05263157894736842
0.0
0.02631578947368421
0.05263157894736842
0.02631578947368421
0.02631578947368421
0.08947368421052632
0.0
0.1394736842105263
0.005263157894736842
0.010526315789473684
0.010526315789473684
0.0
0.031578947368421054
0.0
0.031578947368421054
0.0
0.031578947368421054
0.031578947368421054
0.047619047619047616
0.0380952380952381
0.0
0.0
0.031578947368421054
0.031578947368421054
0.031578947368421054
0.02631578947368421
0.04743083003952569
0.0
0.031578947368421054
0.031578947368421054
0.3263157894736842
0.031578947368421054
0.0
0.05526315789473684
0.05526315789473684
0.07105263157894737
0.0868421052631579
0.0
0.0
0.0
0.05263157894736842
0.0
0.0
0.0
0.0
0.010526315789473684
0.015789473684210527
0.010526315789473684
0.010526315789473684
0.010526315789473684
0.010526315789473684
0.23715415019762845
0.37105263157894736
0.002631578947368421
0.0
0.002631578947368421
0.002631578947368421
0.002631578947368421
0.002631578947368421
0.02857142857142857
0.002631578947368421
0.002631578947368421
0.002631578947368421
0.002631578947368421
0.039473684210526314
0.1368421052631579
0.002631578947368421
0.0
0.16904761904761906
0.16428571428571428
0.0761904761904762
0.0
0.0
NaN
NaN
0.08333333333333333
0.013157894736842105
0.013157894736842105
0.013157894736842105
0.013157894736842105
0.013157894736842105
0.013157894736842105
0.013157894736842105
0.013157894736842105
0.013157894736842105
0.010526315789473684
0.013157894736842105
0.33157894736842103
0.07894736842105263
0.05138339920948617
0.08333333333333333
0.10606060606060606
0.06428571428571428
0.07894736842105263
0.0
0.125
0.125
0.10526315789473684
0.0761904761904762
NaN
NaN
0.0
0.08095238095238096
0.010526315789473684
0.2037037037037037
0.2037037037037037
0.21296296296296297
0.2037037037037037
0.165
0.165
0.10526315789473684
0.0
0.07792207792207792
0.165
0.165
0.165
0.165
0.0
0.06842105263157895
0.02631578947368421
0.06842105263157895
0.06842105263157895
0.06842105263157895
0.06842105263157895
0.013157894736842105
0.0761904761904762
0.0
0.013157894736842105
0.0
0.013157894736842105
0.0
0.013157894736842105
0.011904761904761904
0.12648221343873517
0.11067193675889328
0.12648221343873517
0.10952380952380952
0.1324110671936759
0.14624505928853754
0.03684210526315789
0.12648221343873517
0.1324110671936759
NaN
0.031578947368421054
0.0
0.031578947368421054
NaN
NaN
0.05263157894736842
0.05263157894736842
0.05263157894736842
0.05263157894736842
0.05263157894736842
0.10263157894736842
0.05263157894736842
0.05263157894736842
0.05263157894736842
0.05263157894736842
0.07142857142857142
0.07142857142857142
0.07142857142857142
0.11904761904761904
0.013157894736842105
0.0
0.0
0.11904761904761904
0.11904761904761904
0.013157894736842105
0.0
0.0
0.0
0.0
0.0
0.0
0.0
0.0
0.0
0.16017316017316016
0.18333333333333332
0.22332015810276679
0.1471861471861472
0.16666666666666666
0.19480519480519481
0.19480519480519481
0.3258064516129032
0.3258064516129032
0.16883116883116883
0.16017316017316016
0.05789473684210526
0.16403162055335968
0.1277056277056277
0.19285714285714287
0.16666666666666666
0.20948616600790515
0.16883116883116883
0.02631578947368421
0.18972332015810275
0.16883116883116883
0.16883116883116883
0.20476190476190476
0.21212121212121213
0.170995670995671
0.170995670995671
0.22167487684729065
0.22167487684729065
0.18181818181818182
0.11255411255411256
0.18840579710144928
0.1038961038961039
0.1038961038961039
0.18333333333333332
0.031578947368421054
0.1523809523809524
0.17786561264822134
0.18181818181818182
0.12845849802371542
0.20476190476190476
0.0
0.013157894736842105
0.0
0.1619047619047619
0.1619047619047619
0.0
0.2026315789473684
0.0
0.22167487684729065
0.1761904761904762
0.19480519480519481
0.22167487684729065
0.18181818181818182
0.1406926406926407
0.1406926406926407
0.19480519480519481
0.18972332015810275
0.20948616600790515
0.18972332015810275
0.12121212121212122
0.3258064516129032
0.2131578947368421
0.0
0.0
0.02631578947368421
0.27705627705627706
0.19480519480519481
0.2845849802371542
0.3258064516129032
0.3258064516129032
0.16883116883116883
0.16017316017316016
0.16017316017316016
0.1277056277056277
0.1277056277056277
0.21428571428571427
0.16666666666666666
0.20948616600790515
0.16883116883116883
0.18972332015810275
0.23846153846153847
0.20948616600790515
0.007894736842105263
0.007894736842105263
0.007894736842105263
0.007894736842105263
0.031578947368421054
0.007894736842105263
0.007894736842105263
0.26842105263157895
0.007894736842105263
0.007894736842105263
0.007894736842105263
0.0
0.007894736842105263
0.37662337662337664
0.007894736842105263
0.007894736842105263
0.08571428571428572
0.0
0.007894736842105263
0.007894736842105263
0.14285714285714285
0.0
0.0
0.0
0.0
0.14285714285714285
0.3368421052631579
0.14285714285714285
0.14285714285714285
0.14285714285714285
0.047619047619047616
0.047619047619047616
0.047619047619047616
0.031578947368421054
0.06190476190476191
0.11315789473684211
0.07631578947368421
0.07971014492753623
0.07105263157894737
0.12380952380952381
0.07105263157894737
0.0
0.0
0.0
0.0
0.0
0.05
0.0
0.0
NaN
0.11076923076923077
0.0
0.11076923076923077
0.11076923076923077
0.11076923076923077
0.11076923076923077
0.11076923076923077
0.11076923076923077
0.11076923076923077
0.11076923076923077
0.15789473684210525
0.005263157894736842
0.21578947368421053
0.005263157894736842
0.005263157894736842
0.15217391304347827
0.15217391304347827
0.15367965367965367
0.005263157894736842
0.005263157894736842
0.005263157894736842
0.002631578947368421
0.005263157894736842
0.005263157894736842
0.39285714285714285
0.005263157894736842
0.0
0.0
0.002631578947368421
0.0
0.0
0.07105263157894737
0.07105263157894737
0.0
0.0
0.0
0.0
0.0
0.0
0.0
0.0
0.0
0.15
0.0
0.0
NaN
NaN
0.11052631578947368
0.07105263157894737
0.005263157894736842
0.07105263157894737
0.005263157894736842
0.09473684210526316
0.0
0.005263157894736842
0.005263157894736842
0.07105263157894737
0.005263157894736842
0.005263157894736842
0.005263157894736842
0.005263157894736842
0.005263157894736842
0.005263157894736842
0.07105263157894737
0.005263157894736842
0.005263157894736842
0.030303030303030304
0.07631578947368421
0.07631578947368421
0.1123076923076923
0.0
0.09047619047619047
0.0
0.07631578947368421
0.5343915343915344
0.09047619047619047
0.09047619047619047
0.09047619047619047
0.09047619047619047
0.09047619047619047
0.09047619047619047
0.09047619047619047
0.09047619047619047
0.005263157894736842
0.09047619047619047
0.1276923076923077
0.0
0.09047619047619047
0.09047619047619047
0.09047619047619047
0.09047619047619047
0.09047619047619047
0.09047619047619047
0.09047619047619047
0.09047619047619047
0.09047619047619047
0.09047619047619047
--------------------------------
top-10
0.0
0.0
0.0
0.044444444444444446
0.044444444444444446
0.044444444444444446
0.044444444444444446
0.044444444444444446
0.5333333333333333
0.05454545454545454
0.1111111111111111
0.13333333333333333
0.05454545454545454
0.05454545454545454
0.0
0.0
0.0
0.0
0.0
0.0
0.0
0.0
0.0
0.0
0.0
0.0
0.0
0.0
0.0
0.0
0.4318181818181818
0.0
0.3791208791208791
0.0
0.0
0.0
0.0
0.0
0.3791208791208791
0.0
0.0
0.0
0.0
0.0
0.06666666666666667
0.0
0.0
0.0
0.3791208791208791
0.0
0.0
0.0
0.0
0.0
0.18181818181818182
0.0
0.18181818181818182
0.0
0.12727272727272726
0.0
0.0
0.0
0.14444444444444443
0.14545454545454545
0.011111111111111112
0.011111111111111112
0.011111111111111112
0.16666666666666666
0.14545454545454545
0.15555555555555556
0.15555555555555556
0.14444444444444443
0.0
0.08888888888888889
0.08888888888888889
0.08888888888888889
0.17777777777777778
0.08888888888888889
0.0
0.0
0.0
0.0
0.0
0.0
0.12727272727272726
0.0
0.0
0.0
0.0
0.0
0.0
0.0
0.12727272727272726
0.21818181818181817
0.0
0.0
0.14545454545454545
0.0
0.011111111111111112
0.0
0.0
0.0
0.0
0.3939393939393939
0.1
0.0
0.18181818181818182
0.0
0.12727272727272726
0.0
0.3076923076923077
0.06666666666666667
0.0
0.0
0.0
0.0
0.12727272727272726
0.2692307692307692
0.2692307692307692
0.0
0.0
0.2692307692307692
0.0
0.12727272727272726
0.34615384615384615
0.26282051282051283
0.0
0.0
0.0
0.2692307692307692
0.18181818181818182
0.14545454545454545
0.06666666666666667
0.48484848484848486
0.5705128205128205
0.06666666666666667
NaN
0.06666666666666667
0.08888888888888889
0.18181818181818182
0.06666666666666667
0.06666666666666667
0.08888888888888889
0.4772727272727273
0.06666666666666667
0.08888888888888889
0.011111111111111112
0.22727272727272727
0.011111111111111112
0.13333333333333333
0.011111111111111112
NaN
0.011111111111111112
0.022222222222222223
0.011111111111111112
0.022222222222222223
0.16666666666666666
0.1111111111111111
0.0
0.0
0.0
0.16363636363636364
0.0
0.0
0.0
0.16363636363636364
0.0
0.4551282051282051
0.0
0.0
0.0
0.0
0.01818181818181818
0.0
0.01818181818181818
0.01818181818181818
0.0
0.01818181818181818
0.0
0.0
0.0
0.0
0.0
0.0
0.0
0.01818181818181818
0.0
0.0
0.0
0.0
0.0
0.5291666666666667
0.5291666666666667
0.0
0.4090909090909091
0.15555555555555556
0.022222222222222223
0.15555555555555556
0.022222222222222223
0.16666666666666666
0.022222222222222223
0.022222222222222223
0.022222222222222223
0.0
0.08888888888888889
0.0
0.0
0.0
NaN
NaN
0.30303030303030304
0.30303030303030304
0.0
0.0
0.0
0.23636363636363636
0.30303030303030304
0.0
0.0
0.0
0.0
0.0
0.0
0.0
0.3787878787878788
0.0
0.30303030303030304
0.0
0.0
0.0
0.0
0.0
0.23636363636363636
0.3333333333333333
0.0
0.0
0.3409090909090909
0.0
0.6375
NaN
0.0
0.0
0.1
0.21212121212121213
0.21212121212121213
0.21212121212121213
0.21212121212121213
0.1
0.17272727272727273
0.489010989010989
0.17272727272727273
0.12222222222222222
0.12222222222222222
0.12222222222222222
0.17272727272727273
0.0
0.30303030303030304
0.0
0.0
0.0
0.0
0.0
0.0
0.0
0.38461538461538464
0.0
0.0
0.0
0.0
0.25555555555555554
0.0
0.0
0.0
0.28888888888888886
0.1111111111111111
0.0
0.0
0.17424242424242425
0.0
0.0
0.0
0.2727272727272727
0.0
0.0
0.0
0.0
0.0
0.0
0.0
0.0
0.0
0.0
0.0
0.32916666666666666
0.0
0.32916666666666666
0.0
0.18181818181818182
0.18181818181818182
0.18181818181818182
0.0
0.32916666666666666
0.0
0.06666666666666667
0.0
0.3333333333333333
0.3333333333333333
0.6666666666666666
0.0
0.17857142857142858
0.17857142857142858
0.0
0.0
0.0
0.0
0.0
0.0
0.0
0.0
0.14444444444444443
0.0
0.14444444444444443
0.0
0.0
0.0
0.0
0.0
0.0
0.0
0.30303030303030304
0.0
0.2727272727272727
0.2727272727272727
0.2727272727272727
0.24242424242424243
0.0
0.0
0.0
0.22727272727272727
0.0
0.22727272727272727
0.2727272727272727
0.0
0.0
0.0
0.07777777777777778
0.0
0.0
0.0
0.0
0.0
0.0
0.2
NaN
NaN
NaN
NaN
0.011111111111111112
0.011111111111111112
0.0
0.0
0.0
0.0
0.0
0.0
0.08888888888888889
0.0
0.0
0.0
0.0
0.0
0.16363636363636364
0.0
0.0
0.0
0.0
0.2545454545454545
0.0
0.03333333333333333
0.0
0.0
0.0
0.0
0.0
0.03333333333333333
0.0
0.0
0.0
0.14102564102564102
0.24545454545454545
0.18181818181818182
0.044444444444444446
0.07272727272727272
0.2
0.24545454545454545
0.07272727272727272
0.07272727272727272
0.044444444444444446
0.19090909090909092
0.19090909090909092
0.23636363636363636
0.022222222222222223
0.07272727272727272
0.044444444444444446
0.2
0.044444444444444446
0.10909090909090909
0.10909090909090909
0.09090909090909091
0.1
0.07272727272727272
0.10909090909090909
0.10909090909090909
0.10909090909090909
0.1
0.1794871794871795
0.06363636363636363
0.05454545454545454
0.09090909090909091
0.044444444444444446
0.09090909090909091
0.1
0.1
0.07272727272727272
0.1
0.10909090909090909
0.1
0.09090909090909091
0.11818181818181818
0.10909090909090909
0.0
0.09090909090909091
0.06363636363636363
0.1
0.07272727272727272
0.10909090909090909
0.10909090909090909
0.10909090909090909
0.044444444444444446
0.03333333333333333
0.044444444444444446
NaN
0.044444444444444446
NaN
0.0
0.0
0.0
0.0
0.044444444444444446
0.0
0.0
0.12727272727272726
0.0
0.0
0.0
0.0
0.0
0.0
0.0
0.0
0.044444444444444446
0.0
0.0
0.0
0.24242424242424243
0.044444444444444446
0.0
0.5708333333333333
0.49047619047619045
0.0
0.0
0.24242424242424243
0.0
0.0
0.0
0.0
0.0
0.1111111111111111
0.03636363636363636
0.03636363636363636
0.03636363636363636
0.06060606060606061
0.23636363636363636
0.0
0.0
0.0
0.0
0.0
0.0
0.0
0.0
0.0
0.4875
0.0
0.0
0.0
0.0
0.22727272727272727
0.0
0.0
0.0
0.0
0.0
0.0
0.0
0.0
0.30303030303030304
0.0
0.0
0.2727272727272727
0.0
0.0
0.0
0.0
0.0
0.0
0.0
0.30303030303030304
0.25
0.30303030303030304
0.0
0.2727272727272727
0.16363636363636364
0.0
0.0
0.0
0.0
0.0
0.12727272727272726
0.0
0.0
0.2
0.0
0.0
0.0
0.0
0.0
0.5
0.0
0.0
0.0
0.0
0.2
0.0
0.0
0.0
0.06666666666666667
0.17272727272727273
0.17272727272727273
0.0
0.0
0.05555555555555555
0.3333333333333333
0.3333333333333333
0.6666666666666666
0.05555555555555555
0.0
0.0
0.0
0.0
0.0
0.0
0.0
0.0
0.05555555555555555
0.0
0.0
0.0
0.0
0.0
0.0
0.17777777777777778
0.0
0.0
0.3141025641025641
0.0
0.0
0.0
0.0
0.0
0.0
0.0
0.0
0.0
0.0
0.0
0.0
0.0
0.0
0.0
0.0
0.12727272727272726
0.0
0.0
0.0
0.0
0.0
0.0
0.23636363636363636
0.0
0.0
0.0
0.0
0.0
0.0
0.26666666666666666
0.0
0.0
0.0
0.23636363636363636
0.0
0.0
0.0
0.0
0.0
0.38636363636363635
0.0
0.0
0.0
0.38636363636363635
0.0
0.0
0.46153846153846156
0.46153846153846156
0.05555555555555555
0.0
0.022222222222222223
0.0
0.0
0.0
0.0
0.06666666666666667
0.0
0.0
0.0
0.0
0.0
0.0
0.0
0.0
0.0
0.34615384615384615
0.0
0.0
0.0
0.0
0.0
0.0
0.0
0.0
0.0
0.0
0.0
0.0
0.0
0.0
0.0
0.0
0.17272727272727273
0.0
0.0
0.0
0.0
0.0
0.0
0.0
0.0
0.5583333333333333
0.0
0.1111111111111111
0.0
0.0
0.1111111111111111
0.0
0.0
0.26666666666666666
0.0
0.3047619047619048
0.01818181818181818
0.044444444444444446
0.044444444444444446
0.0
0.022222222222222223
0.0
0.022222222222222223
0.0
0.022222222222222223
0.022222222222222223
0.1111111111111111
0.022222222222222223
0.0
0.0
0.022222222222222223
0.022222222222222223
0.022222222222222223
0.0
0.18181818181818182
0.0
0.022222222222222223
0.022222222222222223
0.48095238095238096
0.022222222222222223
0.0
0.0
0.0
0.06666666666666667
0.13333333333333333
0.0
0.0
0.0
0.15555555555555556
0.0
0.0
0.0
0.0
0.0
0.06666666666666667
0.0
0.044444444444444446
0.044444444444444446
0.0
0.4423076923076923
0.6333333333333333
0.0
0.0
0.0
0.0
0.0
0.0
0.0
0.0
0.0
0.0
0.0
0.0
0.42424242424242425
0.0
0.0
0.19090909090909092
0.17272727272727273
0.044444444444444446
0.0
0.0
NaN
NaN
0.13636363636363635
0.0
0.0
0.0
0.0
0.0
0.0
0.0
0.0
0.0
0.044444444444444446
0.0
0.6375
0.14444444444444443
0.0
0.03333333333333333
0.14545454545454545
0.16363636363636364
0.14444444444444443
0.0
0.0
0.0
0.16666666666666666
0.044444444444444446
NaN
NaN
0.0
0.044444444444444446
0.044444444444444446
0.0
0.0
0.08888888888888889
0.0
0.0
0.0
0.23636363636363636
0.0
0.16666666666666666
0.0
0.0
0.0
0.0
0.0
0.05454545454545454
0.0
0.05454545454545454
0.05454545454545454
0.05454545454545454
0.044444444444444446
0.0
0.044444444444444446
0.0
0.0
0.0
0.0
0.0
0.0
0.0
0.08888888888888889
0.08888888888888889
0.08888888888888889
0.2818181818181818
0.12222222222222222
0.5
0.044444444444444446
0.08888888888888889
0.12222222222222222
NaN
0.13333333333333333
0.0
0.13333333333333333
NaN
NaN
0.0
0.0
0.0
0.0
0.0
0.4
0.0
0.0
0.0
0.0
0.07142857142857142
0.07142857142857142
0.07142857142857142
0.11904761904761904
0.0
0.0
0.0
0.11904761904761904
0.11904761904761904
0.0
0.0
0.0
0.0
0.0
0.0
0.0
0.0
0.0
0.0
0.05454545454545454
0.23076923076923078
0.3021978021978022
0.2692307692307692
0.21212121212121213
0.23076923076923078
0.23076923076923078
0.25757575757575757
0.25757575757575757
0.19230769230769232
0.11538461538461539
0.05454545454545454
0.03636363636363636
0.06060606060606061
0.23076923076923078
0.12727272727272726
0.19230769230769232
0.15151515151515152
0.1111111111111111
0.18181818181818182
0.09090909090909091
0.19230769230769232
0.34615384615384615
0.2692307692307692
0.23076923076923078
0.23076923076923078
0.13636363636363635
0.13636363636363635
0.19230769230769232
0.05454545454545454
0.09090909090909091
0.06060606060606061
0.06060606060606061
0.23076923076923078
0.13333333333333333
0.2692307692307692
0.19230769230769232
0.19230769230769232
0.06060606060606061
0.2727272727272727
0.0
0.0
0.2727272727272727
0.14545454545454545
0.24242424242424243
0.2692307692307692
0.29545454545454547
0.2692307692307692
0.13636363636363635
0.09090909090909091
0.23076923076923078
0.13636363636363635
0.19230769230769232
0.17307692307692307
0.17307692307692307
0.23076923076923078
0.18181818181818182
0.19230769230769232
0.23076923076923078
0.12121212121212122
0.25757575757575757
0.24242424242424243
0.2692307692307692
0.2727272727272727
0.1111111111111111
0.21212121212121213
0.18181818181818182
0.18181818181818182
0.25757575757575757
0.25757575757575757
0.19230769230769232
0.09090909090909091
0.09090909090909091
0.06060606060606061
0.06060606060606061
0.18181818181818182
0.2692307692307692
0.19230769230769232
0.15151515151515152
0.23076923076923078
0.06060606060606061
0.09090909090909091
0.0
0.0
0.0
0.0
0.13333333333333333
0.0
0.0
0.5192307692307693
0.0
0.0
0.0
0.0
0.0
0.5904761904761905
0.0
0.0
0.22727272727272727
0.0
0.0
0.0
0.14285714285714285
0.0
0.0
0.0
0.0
0.14285714285714285
0.6041666666666666
0.14285714285714285
0.14285714285714285
0.14285714285714285
0.022222222222222223
0.022222222222222223
0.022222222222222223
0.13333333333333333
0.15555555555555556
0.4777777777777778
0.32222222222222224
0.022222222222222223
0.16363636363636364
0.15454545454545454
0.07777777777777778
0.0
0.0
0.0
0.0
0.0
0.13333333333333333
0.0
0.0
NaN
0.0
0.0
0.0
0.0
0.0
0.0
0.0
0.0
0.0
0.0
0.5
0.0
0.4551282051282051
0.022222222222222223
0.0
0.3333333333333333
0.3333333333333333
0.3106060606060606
0.0
0.0
0.0
0.0
0.0
0.0
0.6208333333333333
0.0
0.0
0.0
0.011111111111111112
0.0
0.0
0.022222222222222223
0.022222222222222223
0.0
0.0
0.0
0.0
0.0
0.0
0.0
0.0
0.0
0.4318181818181818
0.0
0.0
NaN
NaN
0.4
0.022222222222222223
0.0
0.022222222222222223
0.0
0.23636363636363636
0.0
0.0
0.0
0.022222222222222223
0.0
0.0
0.0
0.0
0.0
0.0
0.022222222222222223
0.0
0.0
0.0
0.23636363636363636
0.23636363636363636
0.011111111111111112
0.0
0.0
0.0
0.23636363636363636
0.5735294117647058
0.022222222222222223
0.0
0.0
0.16363636363636364
0.16363636363636364
0.0
0.0
0.16363636363636364
0.022222222222222223
0.0
0.011111111111111112
0.0
0.022222222222222223
0.044444444444444446
0.044444444444444446
0.022222222222222223
0.16363636363636364
0.022222222222222223
0.044444444444444446
0.16363636363636364
0.022222222222222223
0.022222222222222223
--------------------------------
top-5
0.0
0.0
0.0
0.0
0.0
0.0
0.0
0.0
0.6666666666666666
0.06666666666666667
0.36666666666666664
0.43333333333333335
0.06666666666666667
0.06666666666666667
0.0
0.0
0.0
0.0
0.0
0.0
0.0
0.0
0.0
0.0
0.0
0.0
0.0
0.0
0.0
0.0
0.6428571428571429
0.0
0.3333333333333333
0.0
0.0
0.0
0.0
0.0
0.3333333333333333
0.0
0.0
0.0
0.0
0.0
0.3
0.0
0.0
0.0
0.3333333333333333
0.0
0.0
0.0
0.0
0.0
0.2
0.0
0.2
0.0
0.0
0.0
0.0
0.0
0.26666666666666666
0.0
0.0
0.0
0.0
0.36666666666666664
0.0
0.36666666666666664
0.36666666666666664
0.26666666666666666
0.0
0.4
0.4
0.4
0.4
0.4
0.0
0.0
0.0
0.0
0.0
0.0
0.0
0.0
0.0
0.0
0.0
0.0
0.0
0.0
0.0
0.3
0.0
0.0
0.0
0.0
0.05
0.0
0.0
0.0
0.0
0.5238095238095238
0.4
0.0
0.06666666666666667
0.0
0.0
0.0
0.32142857142857145
0.3
0.0
0.0
0.0
0.0
0.0
0.19047619047619047
0.19047619047619047
0.0
0.0
0.19047619047619047
0.0
0.0
0.42857142857142855
0.23333333333333334
0.0
0.0
0.0
0.19047619047619047
0.06666666666666667
0.0
0.26666666666666666
0.6964285714285714
0.6805555555555556
0.26666666666666666
NaN
0.26666666666666666
0.4666666666666667
0.4666666666666667
0.3333333333333333
0.26666666666666666
0.4666666666666667
0.6785714285714286
0.26666666666666666
0.4666666666666667
0.0
0.4
0.0
0.4666666666666667
0.0
NaN
0.05
0.0
0.05
0.0
0.35714285714285715
0.36666666666666664
0.0
0.0
0.0
0.36666666666666664
0.0
0.0
0.0
0.36666666666666664
0.0
0.6785714285714286
0.0
0.0
0.0
0.0
0.0
0.0
0.0
0.0
0.0
0.0
0.0
0.0
0.0
0.0
0.0
0.0
0.0
0.0
0.0
0.0
0.0
0.0
0.0
0.5
0.5
0.0
0.5714285714285714
0.4666666666666667
0.0
0.4666666666666667
0.0
0.4666666666666667
0.0
0.0
0.0
0.0
0.0
0.0
0.0
0.0
NaN
NaN
0.3333333333333333
0.3333333333333333
0.0
0.0
0.0
0.36666666666666664
0.3333333333333333
0.0
0.0
0.0
0.0
0.0
0.0
0.0
0.47619047619047616
0.0
0.3333333333333333
0.0
0.0
0.0
0.0
0.0
0.36666666666666664
0.4523809523809524
0.0
0.0
0.35714285714285715
0.0
0.6333333333333333
NaN
0.0
0.0
0.0
0.06666666666666667
0.06666666666666667
0.06666666666666667
0.06666666666666667
0.0
0.16666666666666666
0.5972222222222222
0.16666666666666666
0.1
0.1
0.1
0.16666666666666666
0.0
0.5238095238095238
0.0
0.0
0.0
0.0
0.0
0.0
0.0
0.5357142857142857
0.0
0.0
0.0
0.0
0.35714285714285715
0.0
0.0
0.0
0.5892857142857143
0.36666666666666664
0.0
0.0
0.3333333333333333
0.0
0.0
0.0
0.5952380952380952
0.0
0.0
0.0
0.0
0.0
0.0
0.0
0.0
0.0
0.0
0.0
0.13333333333333333
0.0
0.13333333333333333
0.0
0.2
0.2
0.2
0.0
0.13333333333333333
0.0
0.3
0.0
0.3333333333333333
0.3333333333333333
0.6666666666666666
0.0
0.36666666666666664
0.36666666666666664
0.0
0.0
0.0
0.0
0.0
0.0
0.0
0.0
0.36666666666666664
0.0
0.36666666666666664
0.0
0.0
0.0
0.0
0.0
0.0
0.0
0.0
0.0
0.0
0.0
0.0
0.32142857142857145
0.0
0.0
0.0
0.3333333333333333
0.0
0.3333333333333333
0.0
0.0
0.0
0.0
0.35
0.0
0.0
0.0
0.0
0.0
0.0
0.5238095238095238
NaN
NaN
NaN
NaN
0.0
0.0
0.0
0.0
0.0
0.0
0.0
0.0
0.15
0.0
0.0
0.0
0.0
0.0
0.26666666666666666
0.0
0.0
0.2
0.0
0.43333333333333335
0.0
0.15
0.0
0.0
0.0
0.2
0.0
0.15
0.0
0.0
0.47619047619047616
0.26666666666666666
0.21428571428571427
0.25
0.36666666666666664
0.06666666666666667
0.13333333333333333
0.21428571428571427
0.06666666666666667
0.06666666666666667
0.36666666666666664
0.25
0.25
0.23333333333333334
0.06666666666666667
0.06666666666666667
0.2
0.13333333333333333
0.2
0.2
0.2
0.26666666666666666
0.15
0.0
0.2
0.2
0.2
0.15
0.2
0.0
0.0
0.26666666666666666
0.36666666666666664
0.0
0.15
0.15
0.0
0.15
0.2
0.15
0.26666666666666666
0.26666666666666666
0.2
0.0
0.26666666666666666
0.0
0.15
0.0
0.2
0.2
0.2
0.2
0.15
0.2
NaN
0.36666666666666664
NaN
0.0
0.0
0.0
0.0
0.36666666666666664
0.0
0.0
0.2
0.0
0.0
0.0
0.0
0.0
0.0
0.0
0.0
0.36666666666666664
0.0
0.0
0.0
0.0
0.36666666666666664
0.0
0.5138888888888888
0.39285714285714285
0.0
0.0
0.0
0.0
0.0
0.0
0.0
0.0
0.3333333333333333
0.0
0.0
0.0
0.0
0.5952380952380952
0.0
0.0
0.0
0.0
0.0
0.0
0.0
0.0
0.0
0.375
0.0
0.0
0.0
0.0
0.3333333333333333
0.0
0.0
0.0
0.0
0.0
0.0
0.0
0.0
0.0
0.0
0.0
0.0
0.0
0.0
0.0
0.0
0.0
0.0
0.0
0.0
0.06666666666666667
0.0
0.0
0.0
0.0
0.0
0.0
0.0
0.0
0.0
0.19047619047619047
0.0
0.0
0.23333333333333334
0.0
0.0
0.0
0.0
0.0
0.5892857142857143
0.0
0.0
0.0
0.0
0.23333333333333334
0.0
0.0
0.0
0.3
0.13333333333333333
0.13333333333333333
0.0
0.0
0.0
0.3333333333333333
0.3333333333333333
0.6666666666666666
0.0
0.0
0.0
0.0
0.0
0.0
0.0
0.0
0.0
0.0
0.0
0.0
0.0
0.0
0.0
0.0
0.2
0.0
0.0
0.13333333333333333
0.0
0.0
0.0
0.0
0.0
0.0
0.0
0.0
0.0
0.0
0.0
0.0
0.0
0.0
0.0
0.0
0.0
0.0
0.0
0.0
0.0
0.0
0.0
0.36666666666666664
0.0
0.0
0.0
0.0
0.0
0.0
0.6190476190476191
0.0
0.0
0.0
0.36666666666666664
0.0
0.0
0.0
0.0
0.0
0.5
0.0
0.0
0.0
0.5
0.0
0.0
0.48214285714285715
0.48214285714285715
0.05
0.0
0.0
0.0
0.0
0.0
0.0
0.3
0.0
0.0
0.0
0.0
0.0
0.0
0.0
0.0
0.0
0.19047619047619047
0.0
0.0
0.0
0.0
0.0
0.0
0.0
0.0
0.0
0.0
0.0
0.0
0.0
0.0
0.0
0.0
0.13333333333333333
0.0
0.0
0.0
0.0
0.0
0.0
0.0
0.0
0.5
0.0
0.36666666666666664
0.0
0.0
0.36666666666666664
0.0
0.0
0.5714285714285714
0.0
0.3
0.0
0.2
0.2
0.0
0.1
0.0
0.1
0.0
0.1
0.1
0.5
0.1
0.0
0.0
0.1
0.1
0.1
0.0
0.06666666666666667
0.0
0.1
0.1
0.5
0.1
0.0
0.0
0.0
0.3
0.13333333333333333
0.0
0.0
0.0
0.43333333333333335
0.0
0.0
0.0
0.0
0.0
0.3
0.0
0.2
0.2
0.0
0.42857142857142855
0.6444444444444445
0.0
0.0
0.0
0.0
0.0
0.0
0.0
0.0
0.0
0.0
0.0
0.0
0.6190476190476191
0.0
0.0
0.0
0.0
0.36666666666666664
0.0
0.0
NaN
NaN
0.16666666666666666
0.0
0.0
0.0
0.0
0.0
0.0
0.0
0.0
0.0
0.36666666666666664
0.0
0.6
0.26666666666666666
0.0
0.15
0.36666666666666664
0.36666666666666664
0.26666666666666666
0.0
0.0
0.0
0.36666666666666664
0.36666666666666664
NaN
NaN
0.0
0.2
0.2
0.13333333333333333
0.13333333333333333
0.13333333333333333
0.13333333333333333
0.0
0.0
0.47619047619047616
0.0
0.43333333333333335
0.0
0.0
0.0
0.0
0.0
0.0
0.0
0.0
0.0
0.0
0.0
0.0
0.36666666666666664
0.0
0.0
0.0
0.0
0.0
0.0
0.0
0.3333333333333333
0.36666666666666664
0.2
0.5476190476190477
0.4666666666666667
0.5892857142857143
0.0
0.36666666666666664
0.26666666666666666
NaN
0.26666666666666666
0.0
0.26666666666666666
NaN
NaN
0.0
0.0
0.0
0.0
0.0
0.6428571428571429
0.0
0.0
0.0
0.0
0.05
0.05
0.05
0.05
0.0
0.0
0.0
0.0
0.05
0.0
0.0
0.0
0.0
0.0
0.0
0.0
0.0
0.0
0.0
0.0
0.06666666666666667
0.13333333333333333
0.13333333333333333
0.13333333333333333
0.06666666666666667
0.06666666666666667
0.06666666666666667
0.06666666666666667
0.0
0.0
0.0
0.0
0.0
0.06666666666666667
0.13333333333333333
0.0
0.0
0.2
0.06666666666666667
0.0
0.0
0.38095238095238093
0.13333333333333333
0.06666666666666667
0.06666666666666667
0.06666666666666667
0.06666666666666667
0.0
0.0
0.0
0.0
0.0
0.06666666666666667
0.26666666666666666
0.19047619047619047
0.0
0.0
0.0
0.38095238095238093
0.0
0.0
0.38095238095238093
0.2
0.2857142857142857
0.13333333333333333
0.2857142857142857
0.13333333333333333
0.06666666666666667
0.0
0.06666666666666667
0.06666666666666667
0.0
0.0
0.0
0.06666666666666667
0.06666666666666667
0.0
0.06666666666666667
0.0
0.06666666666666667
0.2857142857142857
0.19047619047619047
0.38095238095238093
0.2
0.13333333333333333
0.06666666666666667
0.06666666666666667
0.06666666666666667
0.06666666666666667
0.0
0.0
0.0
0.0
0.0
0.06666666666666667
0.19047619047619047
0.0
0.0
0.06666666666666667
0.0
0.0
0.0
0.0
0.0
0.0
0.26666666666666666
0.0
0.0
0.6428571428571429
0.0
0.0
0.0
0.0
0.0
0.6444444444444445
0.0
0.0
0.3333333333333333
0.0
0.0
0.0
0.2
0.0
0.2
0.2
0.38095238095238093
0.2
0.4861111111111111
0.2
0.2
0.2
0.05
0.05
0.05
0.26666666666666666
0.3333333333333333
0.6428571428571429
0.5952380952380952
0.05
0.3333333333333333
0.06666666666666667
0.05
0.0
0.0
0.0
0.0
0.0
0.4666666666666667
0.0
0.0
NaN
0.0
0.0
0.0
0.0
0.47619047619047616
0.38095238095238093
0.0
0.0
0.0
0.0
0.6785714285714286
0.0
0.6785714285714286
0.1
0.0
0.47619047619047616
0.47619047619047616
0.6428571428571429
0.0
0.0
0.0
0.0
0.0
0.0
0.6
0.0
0.0
0.0
0.05
0.0
0.0
0.0
0.0
0.0
0.0
0.0
0.0
0.0
0.0
0.0
0.0
0.0
0.6428571428571429
0.0
0.0
NaN
NaN
0.5178571428571429
0.0
0.0
0.0
0.0
0.36666666666666664
0.0
0.0
0.0
0.0
0.0
0.0
0.0
0.0
0.0
0.0
0.0
0.0
0.0
0.0
0.36666666666666664
0.36666666666666664
0.0
0.0
0.0
0.0
0.5238095238095238
0.5
0.1
0.0
0.0
0.26666666666666666
0.26666666666666666
0.0
0.0
0.26666666666666666
0.1
0.0
0.0
0.0
0.1
0.2
0.2
0.1
0.26666666666666666
0.1
0.2
0.26666666666666666
0.1
0.1
--------------------------------
top-3
0.0
0.0
0.0
0.0
0.0
0.0
0.0
0.0
0.6666666666666666
0.0
0.3333333333333333
0.4
0.0
0.0
0.0
0.0
0.0
0.0
0.0
0.0
0.0
0.0
0.0
0.0
0.0
0.0
0.0
0.0
0.0
0.0
0.75
0.0
0.6666666666666666
0.0
0.0
0.0
0.0
0.0
0.6666666666666666
0.0
0.0
0.0
0.0
0.0
0.4166666666666667
0.0
0.0
0.0
0.6666666666666666
0.0
0.0
0.0
0.0
0.0
0.3333333333333333
0.0
0.3333333333333333
0.0
0.0
0.0
0.0
0.0
0.4166666666666667
0.0
0.0
0.0
0.0
0.6666666666666666
0.0
0.6666666666666666
0.6666666666666666
0.4166666666666667
0.0
0.5
0.5
0.6666666666666666
0.6666666666666666
0.5
0.0
0.0
0.0
0.0
0.0
0.0
0.0
0.0
0.0
0.0
0.0
0.0
0.0
0.0
0.0
0.3333333333333333
0.0
0.0
0.0
0.0
0.16666666666666666
0.0
0.0
0.0
0.0
0.65
0.6666666666666666
0.0
0.0
0.0
0.0
0.0
0.16666666666666666
0.5833333333333334
0.0
0.0
0.0
0.0
0.0
0.0
0.0
0.0
0.0
0.0
0.0
0.0
0.4
0.8333333333333334
0.0
0.0
0.0
0.0
0.0
0.0
0.16666666666666666
0.7
0.6666666666666666
0.16666666666666666
NaN
0.16666666666666666
0.6666666666666666
0.6666666666666666
0.16666666666666666
0.16666666666666666
0.6666666666666666
0.6666666666666666
0.16666666666666666
0.6666666666666666
0.0
0.5833333333333334
0.0
0.45
0.0
NaN
0.16666666666666666
0.0
0.16666666666666666
0.0
0.5
0.5
0.0
0.0
0.0
0.4166666666666667
0.0
0.0
0.0
0.4166666666666667
0.0
0.6666666666666666
0.0
0.0
0.0
0.0
0.0
0.0
0.0
0.0
0.0
0.0
0.0
0.0
0.0
0.0
0.0
0.0
0.0
0.0
0.0
0.0
0.0
0.0
0.0
0.65
0.65
0.0
0.6
0.6666666666666666
0.0
0.6666666666666666
0.0
0.6666666666666666
0.0
0.0
0.0
0.0
0.0
0.0
0.0
0.0
NaN
NaN
0.5
0.5
0.0
0.0
0.0
0.4166666666666667
0.5
0.0
0.0
0.0
0.0
0.0
0.0
0.0
0.4
0.0
0.5
0.0
0.0
0.0
0.0
0.0
0.4166666666666667
0.45
0.0
0.0
0.16666666666666666
0.0
0.7
NaN
0.0
0.0
0.0
0.0
0.0
0.0
0.0
0.0
0.0
0.6666666666666666
0.0
0.0
0.0
0.0
0.0
0.0
0.65
0.0
0.0
0.0
0.0
0.0
0.0
0.0
0.65
0.0
0.0
0.0
0.0
0.6
0.0
0.0
0.0
0.6666666666666666
0.6666666666666666
0.0
0.0
0.6666666666666666
0.0
0.0
0.0
0.75
0.0
0.0
0.0
0.0
0.0
0.0
0.0
0.0
0.0
0.0
0.0
0.0
0.0
0.0
0.0
0.6666666666666666
0.6666666666666666
0.6666666666666666
0.0
0.0
0.0
0.8333333333333334
0.0
0.3333333333333333
0.3333333333333333
0.6666666666666666
0.0
0.4166666666666667
0.4166666666666667
0.0
0.0
0.0
0.0
0.0
0.0
0.0
0.0
0.4166666666666667
0.0
0.4166666666666667
0.0
0.0
0.0
0.0
0.0
0.0
0.0
0.0
0.0
0.0
0.0
0.0
0.16666666666666666
0.0
0.0
0.0
0.3333333333333333
0.0
0.3333333333333333
0.0
0.0
0.0
0.0
0.3333333333333333
0.0
0.0
0.0
0.0
0.0
0.0
0.55
NaN
NaN
NaN
NaN
0.0
0.0
0.0
0.0
0.0
0.0
0.0
0.0
0.16666666666666666
0.0
0.0
0.0
0.0
0.0
0.3333333333333333
0.0
0.0
0.0
0.0
0.5833333333333334
0.0
0.6666666666666666
0.0
0.0
0.0
0.0
0.0
0.6666666666666666
0.0
0.0
0.5
0.16666666666666666
0.16666666666666666
0.75
0.4166666666666667
0.0
0.16666666666666666
0.16666666666666666
0.0
0.0
0.4166666666666667
0.4166666666666667
0.4166666666666667
0.5
0.0
0.0
0.6666666666666666
0.16666666666666666
0.6666666666666666
0.0
0.0
0.0
0.0
0.0
0.0
0.0
0.0
0.0
0.0
0.0
0.0
0.0
0.4166666666666667
0.0
0.0
0.0
0.0
0.0
0.0
0.0
0.0
0.0
0.0
0.0
0.0
0.0
0.0
0.0
0.0
0.0
0.0
0.6666666666666666
0.0
0.6666666666666666
NaN
0.4166666666666667
NaN
0.0
0.0
0.0
0.0
0.4166666666666667
0.0
0.0
0.3333333333333333
0.0
0.0
0.0
0.0
0.0
0.0
0.0
0.0
0.4166666666666667
0.0
0.0
0.0
0.0
0.4166666666666667
0.0
0.45
0.3333333333333333
0.0
0.0
0.0
0.0
0.0
0.0
0.0
0.0
0.6666666666666666
0.0
0.0
0.0
0.0
0.75
0.0
0.0
0.0
0.0
0.0
0.0
0.0
0.0
0.0
0.16666666666666666
0.0
0.0
0.0
0.0
0.3333333333333333
0.0
0.0
0.0
0.0
0.0
0.0
0.0
0.0
0.0
0.0
0.0
0.0
0.0
0.0
0.0
0.0
0.0
0.0
0.0
0.0
0.0
0.0
0.0
0.0
0.0
0.0
0.0
0.0
0.0
0.0
0.0
0.0
0.0
0.16666666666666666
0.0
0.0
0.0
0.0
0.0
0.8
0.0
0.0
0.0
0.0
0.16666666666666666
0.0
0.0
0.0
0.4166666666666667
0.0
0.0
0.0
0.0
0.0
0.3333333333333333
0.3333333333333333
0.6666666666666666
0.0
0.0
0.0
0.0
0.0
0.0
0.0
0.0
0.0
0.0
0.0
0.0
0.0
0.0
0.0
0.0
0.4166666666666667
0.0
0.0
0.0
0.0
0.0
0.0
0.0
0.0
0.0
0.0
0.0
0.0
0.0
0.0
0.0
0.0
0.0
0.0
0.0
0.0
0.0
0.0
0.0
0.0
0.0
0.0
0.4166666666666667
0.0
0.0
0.0
0.0
0.0
0.0
0.7
0.0
0.0
0.0
0.4166666666666667
0.0
0.0
0.0
0.0
0.0
0.6
0.0
0.0
0.0
0.6
0.0
0.0
0.4
0.4
0.16666666666666666
0.0
0.0
0.0
0.0
0.0
0.0
0.4166666666666667
0.0
0.0
0.0
0.0
0.0
0.0
0.0
0.0
0.0
0.0
0.0
0.0
0.0
0.0
0.0
0.0
0.0
0.0
0.0
0.0
0.0
0.0
0.0
0.0
0.0
0.0
0.0
0.0
0.0
0.0
0.0
0.0
0.0
0.0
0.0
0.4
0.0
0.4166666666666667
0.0
0.0
0.4166666666666667
0.0
0.0
0.7
0.0
0.5
0.0
0.3333333333333333
0.3333333333333333
0.0
0.16666666666666666
0.0
0.16666666666666666
0.0
0.3333333333333333
0.3333333333333333
0.8333333333333334
0.3333333333333333
0.0
0.0
0.3333333333333333
0.3333333333333333
0.3333333333333333
0.0
0.0
0.0
0.3333333333333333
0.3333333333333333
0.7
0.16666666666666666
0.0
0.0
0.0
0.5
0.0
0.0
0.0
0.0
0.5833333333333334
0.0
0.0
0.0
0.0
0.0
0.4166666666666667
0.0
0.3333333333333333
0.3333333333333333
0.0
0.45
0.6666666666666666
0.0
0.0
0.0
0.0
0.0
0.0
0.0
0.0
0.0
0.0
0.0
0.0
0.7
0.0
0.0
0.0
0.0
0.4166666666666667
0.0
0.0
NaN
NaN
0.3333333333333333
0.0
0.0
0.0
0.0
0.0
0.0
0.0
0.0
0.0
0.4166666666666667
0.0
0.6666666666666666
0.3333333333333333
0.0
0.6666666666666666
0.5833333333333334
0.5833333333333334
0.3333333333333333
0.0
0.0
0.0
0.5833333333333334
0.4166666666666667
NaN
NaN
0.0
0.6666666666666666
0.6666666666666666
0.0
0.0
0.0
0.0
0.0
0.0
0.4
0.0
0.5833333333333334
0.0
0.0
0.0
0.0
0.0
0.0
0.0
0.0
0.0
0.0
0.0
0.0
0.4166666666666667
0.0
0.0
0.0
0.0
0.0
0.0
0.0
0.16666666666666666
0.4166666666666667
0.16666666666666666
0.55
0.4166666666666667
0.6
0.0
0.4166666666666667
0.4166666666666667
NaN
0.3333333333333333
0.0
0.3333333333333333
NaN
NaN
0.0
0.0
0.0
0.0
0.0
0.75
0.0
0.0
0.0
0.0
0.0
0.0
0.0
0.16666666666666666
0.0
0.0
0.0
0.0
0.16666666666666666
0.0
0.0
0.0
0.0
0.0
0.0
0.0
0.0
0.0
0.0
0.0
0.0
0.0
0.0
0.0
0.0
0.0
0.0
0.0
0.0
0.0
0.0
0.0
0.0
0.0
0.0
0.0
0.0
0.0
0.0
0.0
0.0
0.4
0.0
0.0
0.0
0.0
0.0
0.0
0.0
0.0
0.0
0.0
0.0
0.0
0.0
0.0
0.0
0.0
0.4
0.0
0.0
0.4
0.16666666666666666
0.16666666666666666
0.0
0.16666666666666666
0.0
0.0
0.0
0.0
0.0
0.0
0.0
0.0
0.0
0.0
0.0
0.0
0.0
0.0
0.16666666666666666
0.0
0.4
0.0
0.0
0.0
0.0
0.0
0.0
0.0
0.0
0.0
0.0
0.0
0.0
0.0
0.0
0.0
0.0
0.0
0.0
0.0
0.0
0.0
0.0
0.0
0.0
0.0
0.7666666666666667
0.0
0.0
0.0
0.0
0.0
0.6666666666666666
0.0
0.0
0.3333333333333333
0.0
0.0
0.0
0.0
0.0
0.0
0.0
0.3333333333333333
0.0
0.45
0.0
0.0
0.0
0.0
0.0
0.0
0.0
0.6666666666666666
0.6
0.75
0.0
0.6666666666666666
0.0
0.0
0.0
0.0
0.0
0.0
0.0
0.6666666666666666
0.0
0.0
NaN
0.0
0.0
0.0
0.0
0.6
0.4
0.0
0.0
0.0
0.0
0.6666666666666666
0.0
0.6666666666666666
0.3333333333333333
0.0
0.4
0.4
0.75
0.0
0.0
0.0
0.0
0.0
0.0
0.6666666666666666
0.0
0.0
0.0
0.16666666666666666
0.0
0.0
0.0
0.0
0.0
0.0
0.0
0.0
0.0
0.0
0.0
0.0
0.0
0.75
0.0
0.0
NaN
NaN
0.45
0.0
0.0
0.0
0.0
0.4166666666666667
0.0
0.0
0.0
0.0
0.0
0.0
0.0
0.0
0.0
0.0
0.0
0.0
0.0
0.0
0.4166666666666667
0.4166666666666667
0.0
0.0
0.0
0.0
0.55
0.4
0.3333333333333333
0.0
0.0
0.3333333333333333
0.3333333333333333
0.0
0.0
0.3333333333333333
0.3333333333333333
0.0
0.0
0.0
0.3333333333333333
0.6666666666666666
0.6666666666666666
0.3333333333333333
0.3333333333333333
0.3333333333333333
0.6666666666666666
0.3333333333333333
0.3333333333333333
0.3333333333333333
