--------------------------------
top-20
0.0
0.0
0.0
0.0
0.0
0.0
0.0
0.0
0.0
0.5
0.6666666666666666
0.5
0.6666666666666666
0.6666666666666666
0.0
0.0
0.0
0.0
0.0
0.0
0.0
0.0
0.0
0.0
0.0
0.0
0.0
0.0
0.0
0.0
0.0
0.0
0.43873517786561267
0.43873517786561267
0.43873517786561267
0.43873517786561267
0.0
0.43873517786561267
0.43873517786561267
0.43873517786561267
0.43873517786561267
0.43873517786561267
0.43873517786561267
0.43873517786561267
0.1
0.43873517786561267
0.43873517786561267
0.43873517786561267
0.43873517786561267
0.43873517786561267
0.43873517786561267
0.43873517786561267
0.43873517786561267
0.43873517786561267
0.43873517786561267
0.18947368421052632
0.43873517786561267
0.1
0.24761904761904763
0.43873517786561267
0.43873517786561267
0.43873517786561267
0.0
0.24761904761904763
0.0
0.0
0.0
0.0
0.24761904761904763
0.0
0.0
0.0
0.13333333333333333
0.0
0.0
0.0
0.0
0.0
0.24761904761904763
0.24761904761904763
0.6025641025641025
0.6025641025641025
0.6025641025641025
0.6025641025641025
0.24761904761904763
0.5128205128205128
0.46153846153846156
0.46153846153846156
0.46153846153846156
0.46153846153846156
0.6025641025641025
0.6025641025641025
0.24761904761904763
0.24761904761904763
0.6025641025641025
0.46153846153846156
0.24761904761904763
0.13333333333333333
0.6025641025641025
0.0
--------------------------------
top-10
0.0
0.0
0.0
0.0
0.0
0.0
0.0
0.0
0.0
0.5
0.6666666666666666
0.5
0.6666666666666666
0.6666666666666666
0.0
0.0
0.0
0.0
0.0
0.0
0.0
0.0
0.0
0.0
0.0
0.0
0.0
0.0
0.0
0.0
0.0
0.0
0.5454545454545454
0.5454545454545454
0.5454545454545454
0.5454545454545454
0.0
0.5454545454545454
0.5454545454545454
0.5454545454545454
0.5454545454545454
0.5454545454545454
0.5454545454545454
0.5454545454545454
0.2
0.5454545454545454
0.5454545454545454
0.5454545454545454
0.5454545454545454
0.5454545454545454
0.5454545454545454
0.5454545454545454
0.5454545454545454
0.5454545454545454
0.5454545454545454
0.4909090909090909
0.5454545454545454
0.34545454545454546
0.34545454545454546
0.5454545454545454
0.5454545454545454
0.5454545454545454
0.0
0.34545454545454546
0.0
0.0
0.0
0.0
0.34545454545454546
0.0
0.0
0.0
0.2
0.0
0.0
0.0
0.0
0.0
0.34545454545454546
0.34545454545454546
0.8076923076923077
0.8076923076923077
0.8076923076923077
0.8076923076923077
0.34545454545454546
0.5555555555555556
0.5333333333333333
0.5333333333333333
0.5333333333333333
0.5333333333333333
0.8076923076923077
0.8076923076923077
0.34545454545454546
0.34545454545454546
0.8076923076923077
0.5333333333333333
0.34545454545454546
0.34545454545454546
0.8076923076923077
0.0
--------------------------------
top-5
0.0
0.0
0.0
0.0
0.0
0.0
0.0
0.0
0.0
0.5
0.6666666666666666
0.5
0.6666666666666666
0.6666666666666666
0.0
0.0
0.0
0.0
0.0
0.0
0.0
0.0
0.0
0.0
0.0
0.0
0.0
0.0
0.0
0.0
0.0
0.0
0.6
0.6
0.6
0.6
0.0
0.6
0.6
0.6
0.6
0.6
0.6
0.6
0.4
0.6
0.6
0.6
0.6
0.6
0.6
0.6
0.6
0.6
0.6
0.8
0.7619047619047619
0.6
0.0
0.7619047619047619
0.7619047619047619
0.7619047619047619
0.0
0.0
0.0
0.0
0.0
0.0
0.0
0.0
0.0
0.0
0.6
0.0
0.0
0.0
0.0
0.0
0.0
0.0
0.6
0.6
0.6
0.6
0.0
0.6666666666666666
0.7857142857142857
0.7857142857142857
0.7857142857142857
0.7857142857142857
0.7619047619047619
0.7619047619047619
0.0
0.0
0.7619047619047619
0.7857142857142857
0.0
0.6
0.7619047619047619
0.0
--------------------------------
top-3
0.0
0.0
0.0
0.0
0.0
0.0
0.0
0.0
0.0
0.6666666666666666
0.6666666666666666
0.8333333333333334
0.6666666666666666
0.6666666666666666
0.0
0.0
0.0
0.0
0.0
0.0
0.0
0.0
0.0
0.0
0.0
0.0
0.0
0.0
0.0
0.0
0.0
0.0
0.0
0.0
0.0
0.0
0.0
0.0
0.0
0.0
0.0
0.0
0.0
0.0
0.8333333333333334
0.0
0.0
0.0
0.0
0.0
0.0
0.0
0.0
0.0
0.0
0.8
0.0
0.8333333333333334
0.0
0.8333333333333334
0.8333333333333334
0.8333333333333334
0.0
0.0
0.0
0.0
0.0
0.0
0.0
0.0
0.0
0.0
0.8333333333333334
0.0
0.0
0.0
0.0
0.0
0.0
0.0
0.8333333333333334
0.8333333333333334
0.8333333333333334
0.8333333333333334
0.0
0.8
0.8
0.8
0.8
0.8
0.8333333333333334
0.8333333333333334
0.0
0.0
0.8333333333333334
0.6
0.0
0.8333333333333334
0.8333333333333334
0.0
