--------------------------------
top-20
0.446218487394958
0.09486166007905138
0.446218487394958
0.24891774891774893
0.07368421052631578
0.07368421052631578
0.07368421052631578
0.07368421052631578
0.1123076923076923
0.10476190476190476
0.02631578947368421
0.1
0.08095238095238096
0.08095238095238096
0.3830769230769231
0.2275132275132275
0.12987012987012986
0.3830769230769231
0.3830769230769231
0.034210526315789476
0.034210526315789476
0.034210526315789476
0.034210526315789476
0.034210526315789476
0.034210526315789476
0.034210526315789476
0.034210526315789476
0.20105820105820105
0.034210526315789476
0.034210526315789476
0.11315789473684211
0.20105820105820105
0.3442028985507246
0.009523809523809525
0.009523809523809525
0.009523809523809525
0.2275132275132275
0.009523809523809525
0.3442028985507246
0.009523809523809525
0.009523809523809525
0.002631578947368421
0.009523809523809525
0.0
0.010526315789473684
0.009523809523809525
0.009523809523809525
0.009523809523809525
0.3442028985507246
0.002631578947368421
0.009523809523809525
0.009523809523809525
0.0
0.009523809523809525
0.12380952380952381
0.009523809523809525
0.12380952380952381
0.009523809523809525
0.034210526315789476
0.009523809523809525
0.009523809523809525
0.009523809523809525
0.2724867724867725
0.03684210526315789
0.2857142857142857
0.29802955665024633
0.29802955665024633
0.16666666666666666
0.03684210526315789
0.23833333333333334
0.23160173160173161
0.2724867724867725
0.007894736842105263
0.04736842105263158
0.04736842105263158
0.07142857142857142
0.03684210526315789
0.04736842105263158
0.03684210526315789
0.002631578947368421
0.11956521739130435
0.10476190476190476
0.047619047619047616
0.047619047619047616
0.034210526315789476
0.04736842105263158
0.13852813852813853
0.1
0.1
0.1
0.047619047619047616
0.1774891774891775
0.034210526315789476
0.11315789473684211
0.1
0.1
0.03684210526315789
0.08333333333333333
0.08095238095238096
0.02894736842105263
--------------------------------
top-10
0.32857142857142857
0.0
0.32857142857142857
0.3131868131868132
0.09090909090909091
0.09090909090909091
0.09090909090909091
0.09090909090909091
0.011111111111111112
0.05454545454545454
0.1111111111111111
0.13333333333333333
0.05454545454545454
0.05454545454545454
0.29523809523809524
0.0
0.13333333333333333
0.29523809523809524
0.29523809523809524
0.0
0.0
0.0
0.0
0.0
0.0
0.0
0.0
0.0
0.0
0.0
0.4318181818181818
0.0
0.38461538461538464
0.0
0.0
0.0
0.0
0.0
0.38461538461538464
0.0
0.0
0.011111111111111112
0.0
0.0
0.044444444444444446
0.0
0.0
0.0
0.38461538461538464
0.011111111111111112
0.0
0.0
0.0
0.0
0.2
0.0
0.2
0.0
0.0
0.0
0.0
0.0
0.22727272727272727
0.14545454545454545
0.09848484848484848
0.17424242424242425
0.17424242424242425
0.24545454545454545
0.0
0.24242424242424243
0.23636363636363636
0.22727272727272727
0.0
0.08888888888888889
0.08888888888888889
0.12222222222222222
0.15555555555555556
0.08888888888888889
0.14545454545454545
0.0
0.045454545454545456
0.10606060606060606
0.011111111111111112
0.011111111111111112
0.0
0.05454545454545454
0.12878787878787878
0.11363636363636363
0.11363636363636363
0.11363636363636363
0.011111111111111112
0.10606060606060606
0.12727272727272726
0.21818181818181817
0.10606060606060606
0.11363636363636363
0.0
0.14545454545454545
0.19696969696969696
0.011111111111111112
--------------------------------
top-5
0.30952380952380953
0.0
0.30952380952380953
0.6
0.0
0.0
0.0
0.0
0.0
0.06666666666666667
0.36666666666666664
0.43333333333333335
0.06666666666666667
0.06666666666666667
0.19047619047619047
0.0
0.6
0.19047619047619047
0.19047619047619047
0.0
0.0
0.0
0.0
0.0
0.0
0.0
0.0
0.0
0.0
0.0
0.6428571428571429
0.0
0.3333333333333333
0.0
0.0
0.0
0.0
0.0
0.3333333333333333
0.0
0.0
0.05
0.0
0.0
0.2
0.0
0.0
0.0
0.3333333333333333
0.05
0.0
0.0
0.0
0.0
0.26666666666666666
0.0
0.26666666666666666
0.0
0.0
0.0
0.0
0.0
0.35714285714285715
0.0
0.0
0.3
0.3
0.5
0.0
0.5
0.5
0.35714285714285715
0.0
0.4
0.4
0.4
0.4
0.4
0.0
0.0
0.0
0.0
0.0
0.0
0.0
0.0
0.0
0.0
0.0
0.0
0.0
0.26666666666666666
0.0
0.3
0.0
0.0
0.0
0.0
0.43333333333333335
0.0
--------------------------------
top-3
0.16666666666666666
0.0
0.16666666666666666
0.6
0.0
0.0
0.0
0.0
0.0
0.0
0.3333333333333333
0.4
0.0
0.0
0.0
0.0
0.7
0.0
0.0
0.0
0.0
0.0
0.0
0.0
0.0
0.0
0.0
0.0
0.0
0.0
0.75
0.0
0.6666666666666666
0.0
0.0
0.0
0.0
0.0
0.6666666666666666
0.0
0.0
0.0
0.0
0.0
0.4166666666666667
0.0
0.0
0.0
0.6666666666666666
0.0
0.0
0.0
0.0
0.0
0.5
0.0
0.5
0.0
0.0
0.0
0.0
0.0
0.45
0.0
0.0
0.4166666666666667
0.4166666666666667
0.7
0.0
0.7
0.7
0.45
0.0
0.5
0.5
0.6666666666666666
0.6666666666666666
0.5
0.0
0.0
0.0
0.0
0.0
0.0
0.0
0.0
0.0
0.0
0.0
0.0
0.0
0.3333333333333333
0.0
0.3333333333333333
0.0
0.0
0.0
0.0
0.5833333333333334
0.0
