paper	citation
41791	296
41791	821
41791	1138
41791	1262
41791	1390
41791	2356
41791	2470
41791	2498
41791	2552
41791	2802
41791	2840
41791	3200
41791	3276
126201	63
126201	3311
126201	2521
126201	2522
126201	2523
489293	101
489293	204
489293	1277
489293	1314
489293	1364
489293	1434
489293	1668
489293	2796
489293	1484
489293	1485
489293	1486
489293	1487
489293	1488
489293	1489
489293	1490
523297	84
523297	276
523297	827
523297	1227
523297	2277
523297	2393
523297	2742
523297	2771
523297	2782
523297	3321
523297	3379
523297	2647
523297	2648
523297	2649
666274	1367
666274	1484
666274	2736
807585	799
807585	2905
807585	3156
807585	3313
807585	3457
807585	2722
807590	87
807590	104
807590	207
807590	1051
807590	1316
807590	1353
807590	1368
807590	1435
807590	1485
807590	1669
807590	2800
807590	2880
807590	3182
807590	3491
1717997	90
1717997	636
1717997	669
1717997	1318
1717997	1542
1911828	802
1911828	2523
1911828	3315
1911828	2736
1911828	2737
2378348	95
2378348	280
2378348	640
2378348	1229
2378348	1350
2378348	1371
2378348	1483
2378348	1490
2378348	1544
2378348	2365
2378348	2648
2378348	2651
2378348	2745
2378348	2773
2378348	3053
387210	648
387210	2506
387210	2846
387210	3333
387210	296
387210	297
387210	298
387210	299
387210	300
387210	301
387210	302
387210	303
387210	304
387210	305
387210	306
387210	307
387210	308
387210	309
387210	310
387210	311
387210	312
387210	313
387210	314
387210	315
387210	316
387210	317
387210	318
1406678	78
1406678	370
1406678	425
1406678	489
1406678	537
1406678	547
1406678	635
1406678	655
1406678	668
1406678	685
1406678	1077
1406678	1146
1406678	1153
1406678	1471
1406678	1503
1406678	1510
1406678	1602
1406678	1614
1406678	1646
1406678	1666
1406678	1762
1406678	1791
1406678	1866
1406678	1884
1406678	1984
1406678	2040
1406678	2086
1406678	2094
1406678	2115
1406678	2122
1406678	2136
1406678	2185
1406678	2288
1406678	2318
1406678	2321
1406678	2343
1406678	2386
1406678	2399
1406678	2404
1406678	2407
1406678	2457
1406678	2550
1406678	2566
1406678	2669
1406678	2696
1406678	2848
1406678	2937
1406678	2993
1406678	3007
1406678	3178
1406678	3230
1406678	3244
1406678	3255
1406678	3265
1406678	3349
1406678	3401
1406678	3416
1406678	821
1406678	822
1406678	823
1406678	824
1406678	825
1406678	826
1406678	827
1406678	828
1406678	829
1406678	830
1406678	831
694976	1138
694976	1139
694976	1140
694976	1141
694976	1142
1330613	1262
1330613	1263
1330613	1264
1330613	1265
1330613	1266
1330613	1267
1330613	1268
171052	671
171052	1324
171052	1496
171052	2117
171052	2340
171052	2995
171052	1390
171052	1391
171052	1392
704126	317
704126	1458
704126	2356
704126	2357
704126	2358
704126	2359
704126	2360
704126	2361
704126	2362
704126	2363
704126	2364
704126	2365
704126	2366
2531247	2470
2531247	2471
2531247	2472
2531247	2473
2531247	2474
2531247	2475
2531247	2476
2531247	2477
2531247	2478
2531247	2479
2531247	2480
2531247	2481
2531247	2482
2406	1680
2406	2839
2406	2498
2406	2499
2406	2500
2406	2501
2406	2502
2406	2503
2406	2504
2406	2505
2406	2506
2406	2507
2406	2508
2406	2509
2406	2510
213017	302
213017	2361
213017	2552
213017	2553
213017	2554
213017	2555
213017	2556
213017	2557
213017	2558
213017	2559
213017	2560
213017	2561
247457	303
247457	1001
247457	1444
247457	2388
247457	2774
247457	2841
247457	2950
247457	3405
247457	2802
247457	2803
247457	2804
247457	2805
247457	2806
247457	2807
247457	2808
247457	2809
385377	1430
385377	2287
385377	2678
385377	2997
385377	2839
385377	2840
385377	2841
385377	2842
385377	2843
385377	2844
385377	2845
385377	2846
385377	2847
385377	2848
385377	2849
695082	3200
1250791	3276
1250791	3277
1250791	3278
3070	60
3070	61
3070	62
3070	63
793816	96
793816	103
793816	294
793816	633
793816	798
793816	842
793816	1315
793816	1845
793816	2521
793816	2524
793816	2729
793816	2855
793816	3312
793816	3457
793816	3458
1745277	2522
1745277	3458
95319	62
95319	1767
95319	1843
95319	2787
95319	3311
95319	3312
95319	3313
95319	3314
95319	3315
133771	1363
133771	2794
133771	2877
133771	3358
133771	99
133771	100
133771	101
133771	102
133771	103
133771	104
133771	105
310910	147
310910	1309
310910	1962
310910	204
310910	205
310910	206
310910	207
1374574	592
1374574	1277
2018268	79
2018268	1629
2018268	2801
2018268	3297
2018268	1312
2018268	1313
2018268	1314
2018268	1315
2018268	1316
2018268	1317
2018268	1318
2018268	1319
2018268	1320
84754	266
84754	1022
84754	2239
84754	2270
84754	2584
84754	2792
84754	2875
84754	1361
84754	1362
84754	1363
84754	1364
84754	1365
84754	1366
84754	1367
84754	1368
84754	1369
84754	1370
84754	1371
324664	1940
324664	2279
324664	1433
324664	1434
324664	1435
927164	88
927164	1317
927164	1369
927164	1486
927164	1627
927164	1847
927164	1957
927164	2785
927164	2881
927164	3296
927164	2434
1245494	89
1245494	1487
1245494	1739
1245494	1749
1245494	2434
1245494	2786
1860317	92
1860317	638
1860317	1319
1860317	1488
1860317	1628
1860317	1711
1860317	1959
1860317	2224
1860317	3486
1860317	1739
1860317	1740
2091218	93
2091218	639
2091218	1320
2091218	1489
2091218	1630
2091218	1961
2091218	3487
2091218	1749
2091218	1750
1252350	1668
1252350	1669
196795	268
196795	660
196795	1024
196795	1329
196795	1441
196795	1681
196795	2499
196795	2804
196795	3404
196795	2791
196795	2792
196795	2793
196795	2794
196795	2795
196795	2796
196795	2797
196795	2798
196795	2799
196795	2800
196795	2801
85146	100
85146	623
85146	659
85146	998
85146	1362
85146	1535
85146	1713
85146	2793
85146	2876
85146	2943
85146	3078
85146	3357
85146	81
85146	82
85146	83
85146	84
85146	85
85146	86
85146	87
85146	88
85146	89
85146	90
85146	91
85146	92
85146	93
85146	94
85146	95
358448	70
358448	1066
358448	1926
358448	2391
358448	2542
358448	2780
358448	3331
358448	3373
358448	264
358448	265
358448	266
358448	267
358448	268
358448	269
358448	270
358448	271
358448	272
358448	273
358448	274
358448	275
358448	276
358448	277
358448	278
358448	279
358448	280
358448	281
358448	282
807438	76
807438	279
807438	318
807438	536
807438	829
807438	898
807438	909
807438	923
807438	1076
807438	1438
807438	1459
807438	2244
807438	2251
807438	2263
807438	2364
807438	2413
807438	2546
807438	2559
807438	2590
807438	2623
807438	2638
807438	2744
807438	2784
807438	3098
807438	3284
807438	3365
807438	3369
807438	3381
807438	3500
807438	1226
807438	1227
807438	1228
807438	1229
807438	1230
354552	272
354552	409
354552	2779
354552	3408
354552	3426
354552	2270
354552	2271
354552	2272
354552	2273
354552	2274
354552	2275
354552	2276
354552	2277
781126	474
781126	631
781126	2164
781126	2420
781126	3008
781126	2387
781126	2388
781126	2389
781126	2390
781126	2391
781126	2392
781126	2393
781126	2394
781126	2395
781126	2396
579095	378
579095	652
579095	1384
579095	1418
579095	1477
579095	1674
579095	1727
579095	2647
579095	2772
579095	3048
579095	3061
4117664	2649
2866595	281
2866595	538
2866595	770
2866595	831
2866595	1079
2866595	1245
2866595	1763
2866595	2323
2866595	2548
2866595	3382
2866595	2741
2866595	2742
2866595	2743
2866595	2744
2866595	2745
2866595	2746
75775	66
75775	83
75775	264
75775	555
75775	1021
75775	1226
75775	1672
75775	2387
75775	3403
75775	2770
75775	2771
75775	2772
75775	2773
161007	67
161007	399
161007	518
161007	624
161007	1752
161007	1879
161007	2286
161007	2536
161007	2949
161007	2774
161007	2775
161007	2776
161007	2777
161007	2778
161007	2779
161007	2780
161007	2781
161007	2782
161007	2783
161007	2784
127322	894
127322	1023
127322	2248
127322	2271
127322	2803
127322	3321
127322	3322
388288	274
388288	525
388288	1067
388288	1757
388288	2543
388288	3375
388288	3376
388288	3377
388288	3378
388288	3379
388288	3380
388288	3381
388288	3382
1364311	3314
1364311	797
1364311	798
1364311	799
1364311	800
1364311	801
1364311	802
1856049	2722
1856049	2906
588980	2652
588980	2904
588980	2905
588980	2906
522944	2904
522944	3155
522944	3156
522294	102
522294	1365
522294	1710
522294	2878
522294	3084
522294	1050
522294	1051
52738	82
52738	99
52738	1307
52738	1361
52738	2791
52738	3217
52738	1351
52738	1352
52738	1353
52738	1354
577890	2797
577890	2809
577890	3410
577890	3427
577890	2875
577890	2876
577890	2877
577890	2878
577890	2879
577890	2880
577890	2881
577890	2882
577890	2883
579157	373
579157	1351
579157	2363
579157	2798
579157	2879
579157	3182
579157	3183
1733718	91
1733718	105
1733718	149
1733718	374
1733718	637
1733718	670
1733718	800
1733718	1354
1733718	1370
1733718	1543
1733718	1740
1733718	1750
1733718	1958
1733718	2511
1733718	2856
1733718	2946
1733718	3359
1733718	3491
781468	389
781468	475
781468	557
781468	664
781468	678
781468	1558
781468	1596
781468	1701
781468	2112
781468	2384
781468	2945
781468	2952
781468	3009
781468	3042
781468	623
781468	624
781468	625
781468	626
781468	627
781468	628
781468	629
781468	630
781468	631
781468	632
781468	633
781468	634
781468	635
781468	636
781468	637
781468	638
781468	639
781468	640
781572	390
781572	545
781572	680
781572	714
781572	1559
781572	1598
781572	1611
781572	1703
781572	2083
781572	2565
781572	2953
781572	3004
781572	3206
781572	3260
781572	659
781572	660
781572	661
781572	662
781572	663
781572	664
781572	665
781572	666
781572	667
781572	668
781572	669
781572	670
578793	1535
578793	1536
578793	1537
578793	1538
578793	1539
578793	1540
578793	1541
578793	1542
578793	1543
578793	1544
687568	2737
6996	1707
6996	2815
6996	1349
6996	1350
489288	73
489288	1432
489288	2223
489288	3498
489288	1482
489288	1483
565382	528
565382	728
565382	766
565382	1242
565382	2650
565382	2651
43907	65
43907	1426
43907	1708
43907	2290
43907	3496
43907	3052
43907	3053
79452	297
79452	593
79452	917
79452	996
79452	1439
79452	1898
79452	2245
79452	2409
79452	2555
79452	3055
79452	3308
79452	3309
79452	3310
79765	298
79765	397
79765	641
79765	997
79765	1440
79765	1689
79765	1899
79765	2292
79765	2473
79765	2625
79765	2631
79765	3350
79765	3054
79765	3055
79765	3056
79765	3057
79765	3058
79765	3059
116065	299
116065	999
116065	1265
116065	1376
116065	1513
116065	2357
116065	2438
116065	2556
116065	2594
116065	3056
116065	1372
136327	300
136327	788
136327	895
136327	920
136327	1900
136327	2067
136327	2359
136327	2439
136327	2557
136327	3316
136327	1375
136327	1376
136327	1377
136327	1378
136327	1379
136327	1380
201545	301
201545	1266
201545	1442
201545	1622
201545	1901
201545	2157
201545	2249
201545	2447
201545	2475
201545	2500
201545	3175
201545	916
201545	917
201545	918
201545	919
201545	920
201545	921
201545	922
201545	923
201545	924
201545	925
251608	304
251608	1002
251608	1691
251608	1902
251608	2633
251608	2806
251608	3350
251608	3351
295291	305
295291	1445
295291	2007
295291	3144
295291	3326
295291	3353
295291	3354
320113	42
320113	306
320113	523
320113	1447
320113	1756
320113	2502
320113	2628
320113	3376
320113	2245
320113	2246
320113	2247
320113	2248
320113	2249
320113	2250
320113	2251
323508	307
323508	1032
323508	3360
323508	3407
323508	3110
323508	3111
323508	3112
323508	3113
325983	308
325983	626
325983	646
325983	1003
325983	1448
325983	1537
325983	1741
325983	2009
325983	2174
325983	2378
325983	2389
325983	2503
325983	2842
325983	2887
325983	3328
325983	3446
325983	1897
325983	1898
325983	1899
325983	1900
325983	1901
325983	1902
325983	1904
325983	1905
325983	1906
331025	309
331025	1449
331025	2010
331025	2261
331025	2504
331025	3329
331025	3360
331025	3361
331128	271
331128	310
331128	1004
331128	1033
331128	1304
331128	1429
331128	1450
331128	2236
331128	2262
331128	2274
331128	2362
331128	2505
331128	2539
331128	2629
331128	2634
331128	2741
331128	2778
331128	2795
331128	2807
331128	2816
331128	3083
331128	3330
331128	3361
331128	3377
331128	1436
331128	1437
331128	1438
378220	311
378220	1451
378220	1742
378220	2175
378220	2817
378220	2896
378220	3332
378220	995
378220	996
378220	997
378220	998
378220	999
378220	1000
378220	1001
378220	1002
378220	1003
378220	1004
378220	1005
378220	1006
378220	1007
378220	1008
393761	312
393761	1005
393761	1453
393761	1769
393761	1904
393761	2011
393761	2819
393761	2847
393761	2631
393761	2632
393761	2633
393761	2634
393761	2635
393761	2636
393761	2637
393761	2638
524831	313
524831	828
524831	1141
524831	1330
524831	1454
524831	1912
524831	2218
524831	2478
524831	3499
524831	2302
524831	2303
524831	2304
524946	314
524946	1006
524946	1455
524946	2012
524946	2507
524946	2820
524946	2004
524946	2005
524946	2006
565232	85
565232	277
565232	315
565232	1068
565232	1150
565232	1228
565232	1456
565232	1682
565232	1980
565232	2004
565232	2544
565232	2630
565232	2637
565232	2650
565232	2743
565232	2783
565232	3085
565232	3105
565232	3322
565232	3368
565232	3380
565232	3409
565232	373
565232	374
565232	375
578352	316
578352	791
578352	932
578352	1267
578352	1457
578352	1623
578352	1693
578352	2073
578352	2440
578352	2479
578352	2666
578352	3147
578352	1512
578352	1513
578352	1514
578352	1515
578352	1516
578352	1517
578352	1518
578352	1519
578352	1520
578352	1521
578352	1522
781559	421
781559	463
781559	487
781559	544
781559	552
781559	558
781559	607
781559	621
781559	632
781559	665
781559	679
781559	1091
781559	1114
781559	1168
781559	1194
781559	1218
781559	1386
781559	1541
781559	1568
781559	1575
781559	1597
781559	1676
781559	1702
781559	1728
781559	1784
781559	1860
781559	1976
781559	2025
781559	2062
781559	2113
781559	2119
781559	2132
781559	2140
781559	2385
781559	2394
781559	2412
781559	2680
781559	2693
781559	2710
781559	2769
781559	2893
781559	2961
781559	2984
781559	3125
781559	3163
781559	3196
781559	3223
781559	3229
781559	3232
781559	3235
781559	3419
781559	3467
781559	3479
781559	641
781559	642
781559	643
781559	644
781559	645
781559	646
781559	647
781559	648
781559	649
781559	650
781559	651
781559	652
781559	653
781559	654
781559	655
781559	656
781559	657
781559	658
162099	3324
162099	3325
162099	3326
162099	3327
162099	3328
162099	3329
162099	3330
162099	3331
162099	3332
162099	3333
40898	760
40898	1865
40898	64
40898	65
40898	66
40898	67
40898	68
40898	69
40898	70
40898	71
40898	72
40898	73
40898	74
40898	75
40898	76
40898	77
40898	78
40898	79
40898	80
492307	368
492307	369
492307	370
492307	371
667065	468
667065	1158
667065	1778
667065	2019
667065	2054
667065	2435
667065	2900
667065	394
667065	395
667065	396
667065	397
667065	398
667065	399
667065	400
667065	401
667065	402
667065	403
667065	404
667065	405
667065	406
667065	407
667065	408
667065	409
667065	410
667065	411
667065	412
667065	413
667065	414
667065	415
667065	416
667065	417
667065	418
667065	419
667065	420
667065	421
667065	422
667065	423
667065	424
667065	425
667065	426
667065	427
694482	356
694482	372
694482	574
694482	602
694482	1162
694482	1190
694482	1222
694482	1557
694482	1574
694482	2079
694482	2145
694482	2692
694482	2709
694482	2719
694482	2862
694482	2930
694482	2935
694482	2988
694482	3234
694482	3466
694482	480
694482	481
694482	482
694482	483
694482	484
694482	485
694482	486
694482	487
694482	488
694482	489
694482	490
694575	514
694575	515
694575	516
694575	517
694575	518
694575	519
694575	520
694575	521
694575	522
694575	523
694575	524
694575	525
694575	526
694575	527
694575	528
694575	529
694575	530
694575	531
694575	532
694575	533
694575	534
694575	535
694575	536
694575	537
694575	538
694578	417
694578	673
694578	694
694578	708
694578	1072
694578	1506
694578	1608
694578	1638
694578	1654
694578	1780
694578	1981
694578	2021
694578	2179
694578	2308
694578	2398
694578	2402
694578	2450
694578	3240
694578	3254
694578	3258
694578	3472
694578	539
694578	540
694578	541
694578	542
694578	543
694578	544
694578	545
694578	546
694578	547
694578	548
803605	2489
803605	671
803605	672
803605	673
803605	674
803605	675
803605	676
803605	677
803605	678
803605	679
803605	680
803605	681
803605	682
803605	683
803605	684
803605	685
803605	686
803605	687
53107	822
53107	2075
53107	2156
53107	2201
53107	2515
53107	2858
53107	2512
53107	2513
302897	823
302897	1065
302897	1890
302897	3371
302897	3105
314865	824
314865	3109
403183	527
403183	765
403183	825
403183	1149
403183	1240
403183	1431
403183	1758
403183	2091
403183	2320
403183	2939
403183	3367
403183	2857
522599	275
522599	826
522599	1035
522599	1305
522599	2235
522599	2276
522599	2285
522599	3108
522599	3113
522599	3354
522599	3388
2187007	830
2187007	2303
2187007	2333
2187007	2980
2187007	3490
576283	1633
576283	1650
576283	2898
576283	1064
576283	1065
576283	1066
576283	1067
576283	1068
576283	1069
576283	1070
576283	1071
576283	1072
576283	1073
576283	1074
576283	1075
576283	1076
576283	1077
576283	1078
576283	1079
576283	1080
576283	1081
576283	1082
695085	1143
695085	1144
695085	1145
695085	1146
695085	1147
695856	1149
695856	1150
695856	1151
695856	1152
695856	1153
402621	412
402621	1102
402621	1765
402621	1775
402621	2016
402621	2690
402621	2921
402621	1463
402621	1464
402621	1465
402621	1466
402621	1467
402621	1468
402621	1469
402621	1470
402621	1471
402621	1472
402621	1473
402621	1474
565674	539
565674	2077
565674	1502
565674	1503
565674	1504
566771	467
566771	806
566771	1070
566771	1632
566771	2177
566771	1505
566771	1506
566771	1507
566771	1508
566771	1509
566771	1510
566771	1511
803759	391
803759	681
803759	718
803759	1789
803759	2031
803759	1587
803759	1588
803759	1589
803759	1590
803759	1591
803759	1592
803759	1593
803759	1594
803759	1595
803759	1596
803759	1597
803759	1598
803759	1599
803759	1600
803759	1601
803759	1602
803759	1603
803762	682
803762	701
803762	719
803762	1599
803762	1660
803762	1704
803762	1604
803762	1605
803762	1606
803762	1607
803762	1608
803762	1609
803762	1610
803762	1611
803762	1612
803762	1613
803762	1614
803762	1615
867091	1664
867091	1631
867091	1632
867091	1633
867091	1634
867091	1635
867091	1636
867091	1637
867091	1638
867091	1639
867091	1640
867091	1641
867091	1642
867091	1643
867091	1644
867091	1645
867091	1646
867091	1647
867091	1648
867091	1649
867098	1650
867098	1651
867098	1652
867098	1653
867098	1654
867098	1655
867098	1656
867098	1657
867098	1658
867098	1659
867098	1660
867098	1661
867098	1662
867098	1663
867098	1664
867098	1665
867098	1666
867098	1667
2404354	366
2404354	371
2404354	427
2404354	490
2404354	548
2404354	585
2404354	611
2404354	622
2404354	687
2404354	704
2404354	724
2404354	1078
2404354	1117
2404354	1147
2404354	1173
2404354	1198
2404354	1225
2404354	1472
2404354	1504
2404354	1511
2404354	1560
2404354	1570
2404354	1578
2404354	1603
2404354	1615
2404354	1647
2404354	1667
2404354	1792
2404354	1868
2404354	1985
2404354	2041
2404354	2087
2404354	2123
2404354	2137
2404354	2149
2404354	2186
2404354	2297
2404354	2319
2404354	2322
2404354	2344
2404354	2400
2404354	2405
2404354	2414
2404354	2423
2404354	2458
2404354	2673
2404354	2895
2404354	2931
2404354	2938
2404354	2942
2404354	2972
2404354	2985
2404354	2991
2404354	3174
2404354	3179
2404354	3238
2404354	3245
2404354	3256
2404354	3266
2404354	3402
2404354	3475
2404354	1751
2404354	1752
2404354	1753
2404354	1754
2404354	1755
2404354	1756
2404354	1757
2404354	1758
2404354	1759
2404354	1760
2404354	1761
2404354	1762
2404354	1763
4225062	1174
4225062	1648
4225062	2066
4225062	2759
4225062	2903
4225062	1771
4225062	1772
4225062	1773
4225062	1774
4225062	1775
4225062	1776
4225062	1777
4225062	1778
4225062	1779
4225062	1780
4225062	1781
4225062	1782
4225062	1783
4225062	1784
4225062	1785
4225062	1786
4225062	1787
4225062	1788
4225062	1789
4225062	1790
4225062	1791
4225062	1792
268779	1502
268779	1865
268779	1866
268779	1867
268779	1868
294126	521
294126	1143
294126	1754
294126	1878
294126	1879
294126	1880
294126	1881
294126	1882
294126	1883
294126	1884
294126	1885
492319	1980
492319	1981
492319	1982
492319	1983
492319	1984
492319	1985
663685	690
663685	1652
663685	1777
663685	2018
663685	2098
663685	2899
663685	2923
663685	3176
663685	2033
663685	2034
663685	2035
663685	2036
663685	2037
663685	2038
663685	2039
663685	2040
663685	2041
694574	2075
694574	2076
694574	2077
694574	2078
694574	2079
694574	2080
694574	2081
694574	2082
694574	2083
694574	2084
694574	2085
694574	2086
694574	2087
695936	2091
695936	2092
695936	2093
695936	2094
781064	388
781064	472
781064	540
781064	677
781064	713
781064	811
781064	2452
781064	3259
781064	2111
781064	2112
781064	2113
781064	2114
781064	2115
781111	369
781111	418
781111	473
781111	541
781111	699
781111	1073
781111	1508
781111	1639
781111	1683
781111	1766
781111	1982
781111	2081
781111	2181
781111	2203
781111	2309
781111	2341
781111	2403
781111	2436
781111	2453
781111	3282
781111	2116
781111	2117
781111	2118
781111	2119
781111	2120
781111	2121
781111	2122
781111	2123
781212	419
781212	542
781212	575
781212	1074
781212	1165
781212	1192
781212	1213
781212	1640
781212	1724
781212	1971
781212	2059
781212	2082
781212	2204
781212	2488
781212	2756
781212	2969
781212	3241
781212	3473
781212	3494
781212	2124
781212	2125
781212	2126
781212	2127
781212	2128
781212	2129
781212	2130
781212	2131
781212	2132
781212	2133
781212	2134
781212	2135
781212	2136
781212	2137
822172	2902
822172	2174
822172	2175
822172	2176
822172	2177
822172	2178
822172	2179
822172	2180
822172	2181
822172	2182
822172	2183
822172	2184
822172	2185
822172	2186
366433	2169
366433	2418
366433	3482
366433	2286
366433	2287
366433	2288
545695	2308
545695	2309
545695	2310
545695	2311
545695	2312
545695	2313
545695	2314
545695	2315
545695	2316
545695	2317
545695	2318
545695	2319
576655	1071
576655	1505
576655	1634
576655	2401
576655	2320
576655	2321
576655	2322
576655	2323
635143	2340
635143	2341
635143	2342
635143	2343
635143	2344
780883	386
780883	470
780883	675
780883	697
780883	711
780883	1594
780883	1609
780883	1656
780883	1699
780883	2111
780883	2451
780883	2927
780883	3002
780883	3041
780883	3189
780883	3204
780883	2383
780883	2384
780883	2385
780883	2386
788262	2310
788262	3243
788262	2398
788262	2399
788262	2400
791600	1509
791600	1643
791600	2311
791600	2401
791600	2402
791600	2403
791600	2404
791600	2405
803730	1787
803730	2029
803730	2313
803730	2407
803730	2408
1403625	1665
1403625	2317
1403625	3264
1403625	2446
1403625	2447
1403625	2448
1403625	2449
1403625	2450
1403625	2451
1403625	2452
1403625	2453
1403625	2454
1403625	2455
1403625	2456
1403625	2457
1403625	2458
196496	2377
196496	3013
196496	3346
196496	2549
196496	2550
217566	706
217566	1587
217566	1604
217566	1694
217566	2097
217566	2996
217566	3202
217566	2562
217566	2564
217566	2565
217566	2566
667979	3024
667979	2661
667979	2662
667979	2663
667979	2664
667979	2665
667979	2666
667979	2667
667979	2668
667979	2669
667979	2670
774055	2688
774055	2689
774055	2690
774055	2691
774055	2692
774055	2693
774055	2694
774055	2695
774055	2696
774055	2697
694571	2934
694571	2935
694571	2936
694571	2937
694571	2938
803915	392
803915	666
803915	683
803915	703
803915	721
803915	1600
803915	1612
803915	1705
803915	2184
803915	2954
803915	3005
803915	3043
803915	3207
803915	2992
803915	2993
803935	722
803935	812
803935	2995
803935	2996
803935	2997
803935	2998
803935	2999
803935	3000
803935	3001
803935	3002
803935	3003
803935	3004
803935	3005
803935	3006
803935	3007
565641	2448
565641	3175
565641	3176
565641	3177
565641	3178
565641	3179
780993	387
780993	471
780993	532
780993	676
780993	698
780993	712
780993	810
780993	1466
780993	1507
780993	1595
780993	1610
780993	1700
780993	1782
780993	2023
780993	2038
780993	2080
780993	2099
780993	2118
780993	2131
780993	2295
780993	2564
780993	2928
780993	3003
780993	3205
780993	3229
780993	3230
788171	1075
788171	1642
788171	3283
788171	3240
788171	3241
788171	3242
788171	3243
788171	3244
788171	3245
803596	477
803596	1657
803596	2312
803596	2437
803596	2454
803596	3261
803596	3253
803596	3254
803596	3255
803596	3256
804039	478
804039	1662
804039	2314
804039	3257
804039	3258
804039	3259
804039	3260
804039	3261
804039	3262
804039	3263
804039	3264
804039	3265
804039	3266
241743	568
241743	1773
241743	2014
241743	2033
241743	2324
241743	2662
241743	3014
241743	3346
241743	3347
241743	3348
241743	3349
565236	368
565236	1144
565236	3401
565236	3402
578303	2665
578303	3413
578303	3414
578303	3415
578303	3416
578303	3417
122475	1139
122475	1300
122475	2217
122475	2358
122475	3106
122475	3110
122475	3386
122475	2520
522255	1140
522255	1515
522255	2150
522255	2764
13059809	1142
13059809	2219
45776	1263
45776	1327
45776	1436
45776	2238
45776	2520
45776	3353
45776	3385
45776	2235
98009	893
98009	918
98009	1264
98009	1621
98009	1690
98009	2246
98009	2446
98009	2474
98009	2982
98009	3316
98009	3317
98009	3318
98009	3319
728872	1268
728872	1328
728872	1744
728872	2355
728872	2618
728872	2100
3892656	1324
3892656	1325
72033	61
72033	560
72033	868
72033	1391
394105	222
394105	481
394105	569
394105	1090
394105	1392
394105	1497
394105	1573
394105	1605
394105	1631
394105	1954
394105	2325
394105	2354
394105	2765
394105	2897
394105	3040
394105	3203
394105	3431
394105	3447
394105	3481
394105	2639
394105	2640
394105	2641
394105	2642
565671	689
565671	1606
565671	2076
565671	1496
565671	1497
565671	1498
565671	1499
565671	1500
349917	2844
349917	1439
349917	1440
349917	1441
349917	1442
349917	1443
349917	1444
349917	1445
349917	1446
349917	1447
349917	1448
349917	1449
349917	1450
349917	1451
349917	1452
349917	1453
349917	1454
349917	1455
349917	1456
349917	1457
349917	1458
349917	1459
208638	1026
208638	1443
208638	2360
208638	2476
208638	2627
208638	2805
208638	3057
208638	3277
4451168	900
4451168	925
4451168	2366
4451168	2510
4451168	2561
4451168	3045
42071	2124
42071	2471
42071	2553
42071	3488
52329	892
52329	916
52329	995
52329	1375
52329	1849
52329	1897
52329	2472
52329	2554
52329	3054
52329	3308
218672	2158
218672	2477
218672	2661
218672	3143
218672	926
218672	927
218672	928
218672	929
218672	930
218672	931
218672	932
218672	933
218672	934
218672	935
218672	936
218672	937
218672	938
218672	939
218672	940
218672	941
218672	942
218672	943
667591	653
667591	897
667591	922
667591	1379
667591	1905
667591	2480
667591	2558
667591	3058
667591	3318
667591	3355
667591	1549
667591	1550
804089	937
804089	1008
804089	1520
804089	1550
804089	1820
804089	2441
804089	2481
804089	2519
804089	2646
804089	3150
2284198	656
2284198	899
2284198	924
2284198	1380
2284198	1853
2284198	1906
2284198	2482
2284198	2560
2284198	3059
2284198	3319
2284198	3356
1268484	1680
1268484	1681
312659	1446
312659	2008
312659	2501
312659	3327
312659	2816
312659	2817
312659	2818
312659	2819
312659	2820
563127	2508
563127	2007
563127	2008
563127	2009
563127	2010
563127	2011
563127	2012
667741	2052
667741	2109
667741	2509
667741	2513
667741	2516
667741	2860
667741	2347
667741	2348
386520	273
386520	1034
386520	1452
386520	2176
386520	2275
386520	2635
386520	2781
386520	2808
386520	2818
386520	3378
386520	2625
386520	2626
386520	2627
386520	2628
386520	2629
386520	2630
767778	696
767778	710
767778	1593
767778	3001
767778	2948
767778	2949
767778	2950
767778	2951
767778	2952
767778	2953
767778	2954
767778	2955
569096	1572
569096	2178
569096	3403
569096	3404
569096	3405
569096	3406
569096	3407
569096	3408
569096	3409
569096	3410
569096	3411
569096	3412
304930	1588
304930	2034
304930	2672
304930	3430
304930	1426
304930	1427
304930	1428
304930	1429
304930	1430
304930	1431
304930	1432
706991	2678
706991	2679
706991	2680
706991	2681
341825	629
341825	763
341825	1539
341825	1925
341825	2390
341825	2541
341825	2843
341825	3370
341825	3371
341825	3372
341825	3373
341825	3374
383296	71
383296	661
383296	2392
383296	2845
383296	3478
383296	1019
383296	1020
383296	1021
383296	1022
383296	1023
383296	1024
383296	1025
383296	1026
383296	1027
383296	1028
383296	1029
383296	1030
383296	1031
383296	1032
383296	1033
383296	1034
383296	1035
383296	1036
6934217	80
6934217	2396
6934217	2849
6934217	3480
6934217	1329
6934217	1330
6934217	1331
856440	2417
856440	3278
856440	3351
856440	3485
32078	60
32078	3342
127832	290
127832	587
127832	725
127832	837
127832	3452
127832	96
127832	97
127832	98
372215	1854
372215	2643
372215	290
372215	291
372215	292
372215	293
372215	294
372215	295
1992594	836
1992594	837
1992594	838
1992594	839
1992594	840
1992594	841
1992594	842
1992594	843
231407	589
231407	1027
231407	1921
231407	2259
231407	3370
231407	1843
231407	1844
231407	1845
231407	1846
231407	1847
231407	1848
133397	588
133397	2524
133397	2525
1329394	2728
1329394	2729
1329394	2730
398353	630
398353	841
398353	1540
398353	1844
398353	1927
398353	2383
398353	2944
398353	2951
398353	3011
398353	2854
398353	2855
398353	2856
3974516	1767
3974516	1768
3974516	1769
193591	2787
193591	2788
326447	270
326447	590
326447	1922
326447	3425
326447	3357
326447	3358
326447	3359
257722	1308
257722	147
257722	148
257722	149
802485	148
802485	205
802485	591
802485	1310
802709	97
802709	206
802709	715
802709	1311
802709	1846
802709	2039
802709	2525
802709	3012
1496301	1306
1496301	1307
1496301	1308
1496301	1309
1496301	1310
1496301	1311
443266	1962
772980	586
772980	587
772980	588
772980	589
772980	590
772980	591
772980	592
121622	836
121622	1312
121622	1955
176979	1313
176979	1427
176979	1956
176979	2785
176979	2786
824873	843
824873	1624
824873	1625
824873	1626
824873	1627
824873	1628
824873	1629
824873	1630
3935807	3296
3935807	3297
579334	86
579334	797
579334	1050
579334	1352
579334	1366
249863	1028
249863	1301
249863	2632
249863	2775
249863	3080
249863	3107
249863	3111
249863	3325
249863	3387
249863	3406
249863	2238
249863	2239
298363	269
298363	645
298363	1030
298363	1302
298363	1673
298363	2260
298363	2273
298363	2777
298363	3046
298363	3082
298363	2583
298363	2584
298363	2585
298363	2586
298363	2587
298363	2588
298363	2589
298363	2590
298363	2591
298363	2592
298363	2593
247625	1433
247625	947
247625	948
247625	949
386548	288
386548	1047
386548	1859
386548	2281
386548	1940
386548	1941
357773	1045
357773	2279
357773	2280
357773	2281
437720	1626
437720	1955
437720	1956
437720	1957
437720	1958
437720	1959
437720	1960
437720	1961
1309244	1707
1309244	1708
1309244	1709
1309244	1710
1309244	1711
1955753	2223
1955753	2224
804074	75
804074	634
804074	3486
804074	3487
778984	74
778984	261
778984	332
778984	663
778984	729
778984	2799
778984	2854
778984	3087
778984	3428
778984	3217
21317	81
21317	1306
21317	2511
2365783	94
2365783	1548
2365783	2882
2365783	2947
1336146	1712
1336146	1713
1336146	1714
765910	662
765910	1698
765910	2943
765910	2944
765910	2945
765910	2946
765910	2947
162802	267
162802	1768
162802	2350
162802	2977
162802	3324
162802	3375
162802	3078
162802	3079
162802	3080
162802	3081
162802	3082
162802	3083
162802	3084
162802	3085
162802	3086
162802	3087
162802	3088
84082	265
84082	1199
84082	1413
84082	2107
84082	3062
578747	278
578747	651
578747	3411
578747	3425
578747	3426
578747	3427
578747	3428
14415090	282
14415090	1848
14415090	2264
14415090	3374
356522	2128
356522	1921
356522	1922
356522	1923
356522	1924
356522	1925
356522	1926
356522	1927
356522	1928
177685	402
177685	519
177685	1064
177685	1239
177685	1753
177685	1880
177685	3280
177685	2536
177685	2537
177685	2538
177685	2539
177685	2540
177685	2541
177685	2542
177685	2543
177685	2544
177685	2545
177685	2546
177685	2547
177685	2548
123697	919
123697	2247
123697	892
123697	893
123697	894
123697	895
123697	896
123697	897
123697	898
123697	899
123697	900
166975	643
166975	2228
166975	3444
166975	901
166975	902
166975	903
166975	904
166975	905
166975	906
166975	907
166975	908
166975	909
166975	910
166975	911
166975	912
10007962	375
10007962	1081
10007962	1230
10007962	2746
10007962	2883
10007962	3183
305854	549
305854	1850
305854	2537
305854	2244
341264	407
341264	628
341264	1538
341264	1924
341264	3010
341264	3372
341264	2259
341264	2260
341264	2261
341264	2262
341264	2263
341264	2264
803773	609
803773	702
803773	1170
803773	2064
803773	2535
803773	2758
803773	3495
803773	2409
803773	2410
803773	2411
803773	2412
803773	2413
803773	2414
803773	2415
383271	905
383271	1058
383271	2620
383271	2621
383271	2622
383271	2623
383271	2624
223902	644
223902	3445
223902	3093
223902	3094
223902	3095
223902	3096
223902	3097
223902	3098
223902	3099
223902	3100
1316196	3280
1316196	3281
1316196	3282
1316196	3283
1316196	3284
1316196	3285
333054	647
333054	2540
333054	3362
333054	3363
333054	3364
333054	3365
333054	3366
334622	627
334622	1923
334622	3367
334622	3368
334622	3369
1256332	3496
1256332	3497
1256332	3498
1256332	3499
1256332	3500
283765	1029
283765	1381
283765	1857
283765	2272
283765	2585
283765	2776
283765	1411
283765	1412
283765	1413
283765	1414
283765	1415
283765	1416
283765	1417
283765	1418
283765	1419
283765	1420
283765	1421
283765	1422
283765	1423
283765	1424
283765	1425
694450	466
694450	467
694450	468
694450	469
694450	470
694450	471
694450	472
694450	473
694450	474
694450	475
694450	476
694450	477
694450	478
694450	479
803803	1469
803803	1790
803803	2032
803803	2155
803803	2156
803803	2157
803803	2158
803803	2159
803803	2160
803803	2161
803803	2162
803803	2163
803803	2164
803803	2165
803803	2166
803803	2167
803803	2168
846844	667
846844	2395
846844	2955
846844	3010
846844	3011
846844	3012
804148	2418
804148	2419
804148	2420
804148	2421
804148	2422
804148	2423
804392	365
804392	1601
804392	1613
804392	1706
804392	3006
804392	3027
804392	3208
804392	3008
804392	3009
565278	224
565278	931
565278	1341
565278	1416
565278	1518
565278	1815
565278	1995
565278	2161
565278	2187
565278	2430
565278	2587
565278	2748
565278	2832
565278	3066
565278	3140
565278	3146
565278	3187
565278	3337
565278	3343
565278	376
565278	377
565278	378
565278	379
565278	380
565278	381
565278	382
565278	383
565278	384
565278	385
170552	400
170552	1856
170552	3122
170552	3159
170552	3193
170552	3218
170552	1381
170552	1382
170552	1383
170552	1384
170552	1385
170552	1386
170552	1387
170552	1388
170552	1389
475489	1414
475489	1475
475489	1476
475489	1477
475489	1478
475489	1479
475489	1480
1259384	1672
1259384	1673
1259384	1674
1259384	1675
1259384	1676
1368352	424
1368352	1863
1368352	3126
1368352	3165
1368352	3197
1368352	3224
1368352	1726
1368352	1727
1368352	1728
1368352	1729
1368352	1730
1986	394
1986	2376
1986	2526
1986	3192
1986	3046
1986	3047
1986	3048
80995	642
80995	1334
80995	1771
80995	3060
80995	3061
1273903	759
1273903	760
1273903	761
1273903	762
1273903	763
1273903	764
1273903	765
1273903	766
1273903	767
1273903	768
1273903	769
1273903	770
1293396	1238
1293396	1239
1293396	1240
1293396	1241
1293396	1242
1293396	1243
1293396	1244
1293396	1245
695213	554
695213	555
695213	556
695213	557
695213	558
30388	64
30388	880
30388	1020
30388	1063
30388	1355
30388	1482
30388	2770
30388	3052
30388	3060
1856091	801
1856091	2907
596902	2652
596902	2653
444283	2728
444283	3155
577900	2487
577900	386
577900	387
577900	388
577900	389
577900	390
577900	391
577900	392
234595	625
234595	1536
694962	1556
694962	1557
694962	1558
694962	1559
694962	1560
1308231	1694
1308231	1695
1308231	1696
1308231	1697
1308231	1698
1308231	1699
1308231	1700
1308231	1701
1308231	1702
1308231	1703
1308231	1704
1308231	1705
1308231	1706
4442249	3040
4442249	3041
4442249	3042
4442249	3043
4442249	3044
803868	1661
803868	706
803868	707
803868	708
803868	709
803868	710
803868	711
803868	712
803868	713
803868	714
803868	715
803868	716
803868	717
803868	718
803868	719
803868	720
803868	721
803868	722
803868	723
803868	724
695296	674
695296	695
695296	709
695296	1655
695296	1696
695296	3202
695296	3203
695296	3204
695296	3205
695296	3206
695296	3207
695296	3208
1856135	98
1856135	1349
1856135	2222
296705	2815
854442	803
854442	910
854442	1260
854442	1387
854442	1729
854442	1840
854442	1894
854442	1913
854442	2229
854442	2445
854442	2547
854442	3099
854442	3366
854442	3474
854442	728
854442	729
854442	730
854442	731
429983	2290
429983	2291
781215	1166
781215	593
781215	594
781215	595
781215	596
781215	597
781215	598
781215	599
781215	600
781215	601
781215	602
781215	603
781215	604
781215	605
781215	606
781215	607
781215	608
781215	609
781215	610
781215	611
781215	612
667053	1007
667053	1372
667053	1377
667053	2005
667053	2597
667053	2608
667053	3309
667053	3437
667503	896
667503	921
667503	1378
667503	2250
667503	3045
667503	3188
667503	3310
667503	3317
667503	2052
1292051	1689
1292051	1690
1292051	1691
1292051	1692
1292051	1693
443041	466
443041	688
443041	2562
443041	2922
443041	2998
443041	2292
443041	2293
443041	2294
443041	2295
443041	2296
443041	2297
1287409	2438
1287409	2439
1287409	2440
1287409	2441
309212	440
309212	594
309212	1096
309212	1561
309212	1851
309212	1930
309212	2986
309212	2594
309212	2595
309212	2596
309212	2597
309212	2598
309212	2599
1345241	788
1345241	789
1345241	790
1345241	791
694483	2067
694483	2068
694483	2069
694483	2070
694483	2071
694483	2072
694483	2073
694483	2074
807621	1621
807621	1622
807621	1623
387023	1714
387023	1883
387023	1911
387023	2159
387023	2328
387023	2663
387023	2763
387023	3271
387023	3142
387023	3143
387023	3144
387023	3145
387023	3146
387023	3147
387023	3148
387023	3149
387023	3150
387023	3151
387023	3152
387023	3153
387023	3154
2010	1038
2010	24
2010	25
2010	26
2010	27
2010	28
2010	29
2010	30
2010	31
2010	32
2010	33
2010	34
2010	35
2010	36
2010	37
2010	38
2010	39
2010	40
2010	41
2010	42
2010	43
2010	44
2010	45
2010	46
2010	47
2010	48
2010	49
2010	50
2010	51
2010	52
2010	53
2010	54
2010	55
2010	56
2010	57
410012	72
410012	1928
410012	2636
410012	3112
410012	3385
410012	3386
410012	3387
410012	3388
2000168	1741
2000168	1742
775131	1465
775131	2533
775131	2668
775131	2768
775131	3432
775131	2376
775131	2377
775131	2378
775131	2379
775131	2380
775131	2381
775131	2382
578991	599
578991	2887
578991	2888
578991	2889
578991	2890
578991	2891
578991	2892
578991	2893
578991	2894
578991	2895
695025	3444
695025	3445
695025	3446
695025	3447
695025	3448
695025	3449
695025	3450
695025	3451
1409945	1300
1409945	1301
1409945	1302
1409945	1303
1409945	1304
1409945	1305
93884	947
93884	1437
93884	2551
93884	2626
93884	3077
122495	2236
173905	1000
586509	1635
586509	1651
586509	2896
586509	2897
586509	2898
586509	2899
586509	2900
586509	2901
586509	2902
586509	2903
325994	1882
325994	1907
325994	1908
325994	1909
325994	1910
325994	1911
325994	1912
325994	1913
1374996	2217
1374996	2218
1374996	2219
1731856	2302
4021480	1830
4021480	2304
4021480	2334
4021480	2408
4021480	2659
4021480	2981
2889872	1080
2889872	2006
1271237	1682
1271237	1683
1271237	1684
1271237	1685
60894	1512
60894	1549
60894	2645
60894	3497
121431	927
121431	1514
121431	2518
121431	2519
523079	413
523079	649
523079	930
523079	1340
523079	1415
523079	1476
523079	1516
523079	1814
523079	2586
523079	3145
523079	1994
523079	1995
523079	1996
523079	1997
523079	1998
523079	1999
523079	2000
523079	2001
523079	2002
523079	2003
523241	1517
523241	2072
523241	2518
523241	2645
523241	2646
578680	933
578680	1343
578680	1417
578680	1519
578680	1816
578680	1891
578680	1996
578680	2162
578680	2189
578680	2588
578680	2639
578680	3227
578680	1523
578680	1524
578680	1525
578680	1526
578680	1527
578680	1528
578680	1529
578680	1530
578680	1531
578680	1532
578680	1533
578680	1534
807587	938
807587	1345
807587	1420
807587	1521
807587	1821
807587	1892
807587	1999
807587	2191
807587	2591
807587	2641
807587	3228
807587	3396
807587	1620
854262	228
854262	654
854262	939
854262	1346
854262	1421
854262	1522
854262	1893
854262	2000
854262	2090
854262	2166
854262	2431
854262	2592
854262	3071
854262	3141
854262	3151
854262	3339
854262	2187
854262	2188
854262	2189
854262	2190
854262	2191
667090	1209
667090	3438
667090	428
667090	429
667090	430
667090	431
667090	432
667090	433
667090	434
667090	435
667090	436
667090	437
667090	438
667090	439
667090	440
667090	441
667090	442
667090	443
667090	444
667090	445
667090	446
667090	447
667090	448
667090	449
667090	450
667090	451
667090	452
667090	453
667090	454
667090	455
667090	456
667090	457
667090	458
667090	459
667090	460
667090	461
667090	462
667090	463
667090	464
695161	549
695161	550
695161	551
695161	552
695161	553
781317	606
781317	1112
781317	1217
781317	1567
781317	1975
781317	2194
781317	2707
781317	2892
781317	2971
781317	3172
781317	618
781317	619
781317	620
781317	621
781317	622
523372	650
523372	2869
523372	2975
523372	1494
523372	1495
2337083	426
2337083	657
2337083	1388
2337083	1619
2337083	2655
2337083	2853
2337083	3198
2337083	3225
3500566	658
3500566	2228
3500566	2229
578810	353
578810	572
578810	1156
578810	1279
578810	2053
578810	2987
578810	1090
578810	1091
578810	1092
667808	600
667808	1160
667808	2968
667808	1095
667808	1096
667808	1097
667808	1098
667808	1099
667808	1100
667808	1101
667808	1102
667808	1103
667808	1104
667808	1105
667808	1106
667808	1107
667808	1108
667808	1109
667808	1110
667808	1111
667808	1112
667808	1113
667808	1114
667808	1115
667808	1116
667808	1117
667808	1118
769227	1154
769227	1155
769227	1156
769227	1157
769227	1158
769227	1159
769227	1160
769227	1161
769227	1162
769227	1163
769227	1164
769227	1165
769227	1166
769227	1167
769227	1168
769227	1169
769227	1170
769227	1171
769227	1172
769227	1173
769227	1174
781438	359
781438	577
781438	1284
781438	2146
781438	2863
781438	1190
781438	1191
781438	1192
781438	1193
781438	1194
781438	1195
781438	1196
781438	1197
781438	1198
803727	1115
803727	1569
803727	1977
803727	2894
803727	1200
803727	1201
803727	1202
803727	1203
803727	1204
803727	1205
803727	1206
803727	1207
803727	1208
803727	1209
803727	1210
803727	1211
803727	1212
803727	1213
803727	1214
803727	1215
803727	1216
803727	1217
803727	1218
803727	1219
803727	1220
768499	1561
768499	1562
768499	1563
768499	1564
768499	1565
768499	1566
768499	1567
768499	1568
768499	1569
768499	1570
781603	361
781603	579
781603	1195
781603	3236
781603	1573
781603	1574
781603	1575
781603	1576
781603	1577
781603	1578
258795	352
258795	403
258795	1278
258795	1617
258795	1774
258795	2015
258795	2126
258795	2530
258795	3123
258795	3194
258795	3219
258795	1856
258795	1857
258795	1858
258795	1859
258795	1860
258795	1862
258795	1863
459273	1103
459273	2888
459273	1963
459273	1964
459273	1965
459273	1966
459273	1967
459273	1968
459273	1969
459273	1970
459273	1971
459273	1972
459273	1973
459273	1974
459273	1975
459273	1976
459273	1977
459273	1978
459273	1979
653612	1157
653612	1636
653612	2013
653612	2014
653612	2015
653612	2016
653612	2017
653612	2018
653612	2019
653612	2020
653612	2021
653612	2022
653612	2023
653612	2024
653612	2025
653612	2026
653612	2027
653612	2028
653612	2029
653612	2030
653612	2031
653612	2032
668103	2053
668103	2054
668103	2055
668103	2056
668103	2057
668103	2058
668103	2059
668103	2060
668103	2061
668103	2062
668103	2063
668103	2064
668103	2065
668103	2066
781629	2139
781629	2140
781629	2141
781629	2142
781629	2143
781629	2144
781273	2709
781273	2710
781273	2711
2414	1463
2414	1545
2414	2527
2414	2920
2414	3429
2414	2765
2414	2766
2414	2767
2414	2768
2414	2769
781054	393
781054	603
781054	1109
781054	1164
781054	1212
781054	2058
781054	2193
781054	2755
781054	2959
781054	2960
781054	2961
803650	2695
803650	3468
803650	2982
803650	2983
803650	2984
803650	2985
351905	408
351905	2127
351905	2531
351905	3195
351905	3122
351905	3123
351905	3124
351905	3125
351905	3126
523158	3159
523158	3160
523158	3161
523158	3162
523158	3163
523158	3164
523158	3165
668067	355
668067	1282
668067	3222
668067	3192
668067	3193
668067	3194
668067	3195
668067	3196
668067	3197
668067	3198
668067	3199
779015	3218
779015	3219
779015	3220
779015	3221
779015	3222
779015	3223
779015	3224
779015	3225
779015	3226
781353	358
781353	486
781353	576
781353	1193
781353	1283
781353	2720
781353	2936
781353	3026
781353	3232
781544	360
781544	578
781544	1783
781544	2024
781544	3233
781544	3234
781544	3235
781544	3236
781544	3237
781544	3238
578366	1776
578366	2017
578366	2532
578366	2691
578366	3465
578366	3492
578366	3418
578366	3419
578366	3420
578366	3421
578366	3422
578366	3423
803638	2694
803638	3464
803638	3465
803638	3466
803638	3467
803638	3468
803638	3469
803638	3470
803638	3471
803784	720
803784	1645
803784	2084
803784	2205
803784	2681
803784	3177
803784	3477
803784	3478
803784	3479
803784	3480
206988	68
206988	1025
206988	1055
206988	1889
206988	1908
206988	2089
206988	2762
206988	1838
206988	1839
206988	1840
206988	1841
206988	1842
238990	69
238990	293
238990	726
238990	840
238990	1428
238990	1625
238990	2095
238990	2788
824347	77
824347	725
824347	726
824347	727
2089	395
2089	901
2089	1052
2089	3286
2089	3362
2089	1333
2089	1334
2089	1335
2089	1336
2089	1337
2089	1338
2089	1339
2089	1340
2089	1341
2089	1342
2089	1343
2089	1344
2089	1345
2089	1346
2089	1347
36916	396
36916	926
36916	1411
36916	1475
36916	2155
36916	2583
36916	3142
36916	1814
36916	1815
36916	1816
36916	1817
36916	1818
36916	1819
36916	1820
36916	1821
36916	1822
36916	1823
36916	1824
36916	1825
36916	1826
124299	398
173127	401
173127	1772
173127	2013
173127	2125
173127	2529
173127	3160
282999	404
282999	2069
282999	2255
282999	2823
282999	3101
282999	3102
282999	3103
282999	3104
326455	405
326455	2070
326455	2428
326455	2252
326455	2253
326455	2254
326455	2255
326455	2256
326455	2257
330436	406
330436	1580
330436	2256
330436	2429
330436	2571
330436	3065
330436	3103
330436	3139
330436	3335
330436	2830
330436	2832
382124	410
382124	904
382124	1057
382124	1338
382124	2257
382124	2572
382124	2852
382124	3104
382124	3136
382124	3137
382124	3138
382124	3139
382124	3140
382124	3141
399072	238
399072	411
399072	450
399072	507
399072	597
399072	955
399072	1101
399072	1129
399072	1403
399072	1989
399072	2606
399072	2825
399072	2835
399072	2868
399072	3119
399072	3130
399072	3214
399072	3436
399072	1952
399072	1953
667242	414
667242	1280
667242	1464
667242	1590
667242	1695
667242	1779
667242	2020
667242	2129
667242	2925
667938	415
667938	2074
667938	3493
668262	416
668262	2078
668262	2130
668262	2163
668262	2202
781479	420
781479	533
781479	543
781479	700
781479	768
781479	1113
781479	1148
781479	1243
781479	1385
781479	1641
781479	2411
781479	2983
781479	3124
781479	3242
791675	422
791675	1579
791675	1580
791675	1581
791675	1582
803653	423
803653	1644
803653	1659
803653	1786
803653	2028
803653	3472
803653	3473
803653	3474
803653	3475
803653	3476
1266787	2435
1266787	2436
1266787	2437
427456	352
427456	353
427456	354
427456	355
427456	356
427456	357
427456	358
427456	359
427456	360
427456	361
427456	362
427456	363
427456	364
427456	365
427456	366
427456	367
565199	372
206785	480
206785	556
206785	1221
206785	1556
206785	2397
206785	3269
206785	3345
407661	482
407661	570
407661	2326
407661	3015
407661	1954
667222	469
667222	483
667222	550
667222	573
667222	2934
667222	3449
667222	2654
667222	2655
667629	484
667629	551
667629	2654
667629	1093
667629	1094
776813	485
776813	2958
803911	363
803911	488
803911	1577
803911	3237
803911	3469
803911	1616
803911	1617
803911	1618
803911	1619
772837	809
772837	568
772837	569
772837	570
772837	571
772837	572
772837	573
772837	574
772837	575
772837	576
772837	577
772837	578
772837	579
772837	580
772837	581
772837	582
772837	583
772837	584
772837	585
803840	583
803840	2864
803840	1221
803840	1222
803840	1223
803840	1224
803840	1225
786648	580
786648	2145
786648	2146
786648	2147
786648	2148
786648	2149
803984	364
803984	584
803984	1197
803984	1224
803984	1286
803984	2148
803984	2718
803984	2719
803984	2720
803984	2721
540451	2861
540451	2862
540451	2863
540451	2864
668059	354
668059	1281
668059	2861
668059	2930
668059	2931
803731	1169
803731	1788
803731	2030
803731	2063
803731	2757
803731	2986
803731	2987
803731	2988
803731	2989
803731	2990
803731	2991
3278	12
3278	25
3278	107
3278	152
3278	210
3278	319
3278	514
3278	845
3278	902
3278	960
3278	981
3278	1053
3278	1798
33734	515
33734	759
33734	1238
33734	1751
33734	2116
33734	3248
33734	3477
33734	3299
33734	3300
33734	3301
33734	3302
33734	3303
33734	3304
33734	3305
33734	3306
33734	3307
52691	516
52691	1137
52691	2416
52691	2656
52691	3455
52691	1827
52691	1828
52691	1829
52691	1830
147321	517
147321	761
147321	1878
222452	31
222452	520
222452	762
222452	1944
317730	522
317730	1755
317730	1881
317730	1909
317730	2538
317730	3363
317730	3413
317730	1888
317730	1889
317730	1890
317730	1891
317730	1892
317730	1893
317730	1894
317730	1895
317730	1896
383318	127
383318	524
383318	789
383318	863
383318	914
383318	973
383318	1339
383318	1581
383318	2071
400510	526
400510	764
400510	3306
400510	1037
400510	1038
400510	1039
400510	1040
400510	1041
400510	1042
400510	1043
400510	1044
400510	1045
400510	1046
400510	1047
400510	1048
565601	529
565601	767
565601	1036
565601	1069
565601	1331
565601	1759
565601	2545
565601	3281
578767	240
578767	454
578767	509
578767	530
578767	755
578767	956
578767	1105
578767	1130
578767	1208
578767	1562
578767	1934
578767	1970
578767	2870
578767	2960
578767	2966
578767	3132
578767	1083
578767	1084
578767	1085
578767	1086
578767	1087
578767	1088
578767	1089
695007	531
695007	1554
695007	1591
695007	1760
695007	1781
695007	2022
695007	2037
695007	2092
695007	2180
695007	2330
695007	2549
695007	2667
695007	2767
695007	3201
695007	3347
695007	3415
695007	3450
695007	2088
695007	2089
695007	2090
802347	476
802347	534
802347	2977
802347	2978
802347	2979
802347	2980
802347	2981
803149	535
803149	769
803149	2120
803149	3248
803149	3249
803149	3250
803149	3251
803149	3252
803993	546
803993	1500
803993	1725
803993	2085
803993	3190
803616	717
803616	1658
803616	1684
803616	1785
803616	1983
803616	2027
803616	2183
803616	2455
803616	688
803616	689
803616	690
803616	691
803616	692
803616	693
803616	694
803616	695
803616	696
803616	697
803616	698
803616	699
803616	700
803616	701
803616	702
803616	703
803616	704
803616	705
667173	672
667173	691
667173	1589
667173	2035
667173	2170
667173	2293
667173	2419
667173	2679
667173	2924
667173	2999
667173	3429
667173	3430
667173	3431
667173	3432
822207	564
822207	684
822207	1299
1957278	686
1957278	2963
1957278	3289
1957278	3509
3217526	2487
3217526	2488
3217526	2489
1277672	2201
1277672	2202
1277672	2203
1277672	2204
1277672	2205
579290	2108
579290	2348
579290	2512
579290	2657
579290	2859
579290	2978
579290	3086
579290	3489
579290	2333
579290	2334
65428	2515
65428	2516
522538	790
522538	1241
522538	2858
522538	2859
522538	2860
667794	2575
667794	3109
667794	2657
667794	2658
667794	2659
2143550	1867
2143550	2857
695088	2939
695088	2940
695088	2941
695088	2942
358917	2284
358917	2285
303278	1031
303278	1303
303278	3106
303278	3107
303278	3108
804360	2135
804360	2342
804360	2979
804360	3044
804360	3488
804360	3489
804360	3490
12250101	705
12250101	814
12250101	1082
12250101	1649
12250101	1685
803819	1145
803819	1152
803819	2941
803819	3030
803819	3484
803819	2416
803819	2417
668461	807
668461	1151
668461	2036
668461	2294
668461	2368
668461	2940
803059	608
803059	1467
803059	1546
803059	1618
803059	2133
803059	2534
803059	3420
803737	362
803737	581
803737	1092
803737	1196
803737	1223
803737	1285
803737	1468
803737	2147
854976	1470
854976	3013
854976	3014
854976	3015
854976	3016
4498446	464
4498446	512
4498446	1118
4498446	1220
4498446	1473
4498446	1939
4498446	1979
4498446	2051
4498446	2300
4498446	2415
4498446	2708
4498446	2919
4498446	3462
7035998	1288
7035998	1474
7035998	3191
7035998	3423
3877169	1765
3877169	1766
667624	692
667624	707
667624	3000
667624	2920
667624	2921
667624	2922
667624	2923
667624	2924
667624	2925
667624	2926
667624	2927
667624	2928
667624	2929
1392867	805
1392867	806
1392867	807
1392867	808
1392867	809
1392867	810
1392867	811
1392867	812
1392867	813
1392867	814
701791	1163
701791	1592
701791	1697
701791	2057
701791	2097
701791	2098
701791	2099
667951	693
667951	1498
667951	1607
667951	2926
667951	3187
667951	3188
667951	3189
667951	3190
667951	3191
667708	1637
667708	1653
804077	813
804077	1663
804077	2315
804077	2456
804077	3262
802548	1244
802548	1761
802548	2141
802548	1583
802548	1584
802548	1585
802548	1586
694579	2672
694579	2673
781268	1565
781268	2964
781268	2965
781268	2966
781268	2967
781268	2968
781268	2969
781268	2970
781268	2971
781268	2972
565365	598
565365	1104
565365	1155
565365	2192
565365	2889
565365	2965
565365	3166
565365	3167
565365	3168
565365	3169
565365	3170
565365	3171
565365	3172
565365	3173
565365	3174
15213494	2755
15213494	2756
15213494	2757
15213494	2758
15213494	2759
2178022	383
2178022	942
2178022	1532
2178022	1824
2178022	1885
2178022	1895
2178022	2432
2178022	2433
2178022	2642
2178022	2660
2178022	2885
2178022	3154
2178022	3399
780899	2093
780899	2096
780899	2331
780899	2380
780899	2992
780899	3025
780899	3348
780899	3227
780899	3228
1326119	2114
1326119	3454
803880	2121
803880	2134
803880	2165
1365023	1724
1365023	1725
929093	3492
929093	3493
929093	3494
929093	3495
802792	1271
802792	1499
802792	2182
802792	2421
802792	3440
802792	3459
802792	3460
802792	3461
802792	3462
802792	3463
804116	723
804116	2296
804116	2369
804116	2929
804116	2169
804116	2170
804116	2171
804116	2172
803959	2172
803959	3482
803959	3483
803959	3484
803959	3485
1385216	2316
1385216	3263
1385216	3285
578648	2449
578648	3253
578648	3257
404735	2664
404735	3414
10547115	2670
10547115	3417
10547115	3476
1299556	3024
1299556	3025
1299556	3026
1299556	3027
171811	2688
171811	2526
171811	2527
171811	2528
171811	2529
171811	2530
171811	2531
171811	2532
171811	2533
171811	2534
171811	2535
348722	2689
348722	2753
348722	3270
348722	3418
348722	3464
348722	3520
348722	3120
348722	3121
4317239	2697
4317239	3273
4317239	3422
4317239	3471
4317239	2752
4317239	2753
4317239	2754
578456	571
578456	2718
578456	2324
578456	2325
578456	2326
578456	2327
786953	2150
1971	1712
1971	1888
1971	1907
1971	2088
1971	2762
1971	2763
1971	2764
6101749	1327
6101749	1328
2079140	1743
2079140	1744
2079140	1745
2079140	1746
2079140	1747
2079140	1748
21223	1743
21223	2100
696403	2355
367956	19
367956	2618
367956	2619
697092	808
697092	1325
697092	1555
697092	3456
697092	3483
738636	560
2464929	868
312702	41
312702	162
312702	343
312702	442
312702	498
312702	748
312702	1043
312702	1203
312702	2603
312702	2912
312702	2959
312702	208
312702	209
312702	210
312702	211
312702	212
312702	213
312702	214
312702	215
312702	216
312702	217
312702	218
312702	219
312702	220
312702	221
312702	222
312702	223
312702	224
312702	225
312702	226
312702	227
312702	228
696402	2353
696402	2354
803603	2351
803603	2640
803603	3451
803603	3461
803603	2154
803797	582
803797	1576
803797	2327
803797	2721
803797	3016
803797	3481
236346	1571
236346	1616
236346	2237
236346	1849
236346	1850
236346	1851
236346	1852
236346	1853
499339	928
499339	1383
499339	1523
499339	1726
499339	3047
499339	3392
499339	3393
499339	3394
499351	377
499351	929
499351	1524
499351	2160
499351	3336
499351	3395
499351	3396
499351	3397
499351	3398
499351	3399
499351	3400
667941	381
667941	934
667941	1358
667941	1527
667941	1675
667941	1817
667941	2110
667941	2337
667941	2576
667941	2932
667941	3062
667941	3070
667941	3442
668224	935
668224	1528
668224	1818
668224	1997
668224	2190
668224	3148
668224	2932
668224	2933
668245	882
668245	886
668245	936
668245	1419
668245	1478
668245	1529
668245	1819
668245	1998
668245	2196
668245	2329
668245	2379
668245	2589
668245	3149
668245	3338
668245	3395
668245	1133
668245	1134
668245	1135
668245	1136
854742	382
854742	940
854742	1135
854742	1359
854742	1422
854742	1479
854742	1493
854742	1530
854742	1822
854742	2001
854742	2338
854742	2749
854742	2884
854742	2933
854742	3072
854742	3152
854742	3393
854742	3397
854742	3424
854742	2433
1247921	883
1247921	887
1247921	941
1247921	1423
1247921	1480
1247921	1531
1247921	1823
1247921	1862
1247921	2002
1247921	2197
1247921	2332
1247921	2381
1247921	2593
1247921	3153
1247921	3340
1247921	3398
3637651	384
3637651	943
3637651	1425
3637651	1534
3637651	1825
3637651	2168
3637651	3341
310841	441
310841	1202
310841	1852
310841	1965
310841	2046
310841	2410
310841	2911
310841	3166
310841	3220
310841	3355
310841	3356
780426	2151
780426	2107
780426	2108
780426	2109
780426	2110
578788	2347
13957	1019
13957	1827
13957	2139
13957	2948
13957	3049
13957	3050
13957	3051
773739	1571
773739	1572
790892	2152
790892	3412
790892	1199
189131	3342
766065	3452
766065	3453
766065	3454
201105	291
201105	838
201105	2496
237951	292
237951	839
237951	1624
2060441	295
2060441	1855
2060441	1960
246893	1854
246893	1855
403985	727
403985	2643
822416	2730
822416	3274
43866	586
43866	2234
145862	948
145862	3077
200938	949
200938	2551
359671	18
359671	46
359671	125
359671	168
359671	196
359671	221
359671	254
359671	328
359671	447
359671	861
359671	971
359671	989
359671	1046
359671	1402
359671	1807
359671	1839
359671	1910
359671	1948
359671	2280
359671	2289
359671	2353
359671	2601
359671	3251
359671	3364
359671	284
359671	285
359671	286
359671	287
359671	288
359671	289
523148	54
523148	134
523148	258
523148	976
523148	1122
523148	1875
523148	1941
523148	1950
523148	3157
523148	3158
507102	1709
507102	2490
356191	45
356191	124
356191	860
356191	1382
356191	3303
356191	247
356191	248
356191	249
356191	250
356191	251
356191	252
356191	253
356191	254
356191	255
356191	256
356191	257
356191	258
356191	259
356191	260
356191	261
399175	51
399175	130
399175	864
399175	974
399175	1720
399175	319
399175	320
399175	321
399175	322
399175	323
399175	324
399175	325
399175	326
399175	327
399175	328
399175	329
399175	330
399175	331
399175	332
399175	333
667185	2171
667185	2367
667185	1545
667185	1546
667185	1547
667185	1548
667984	2349
667984	2350
128515	2833
128515	3079
259468	2284
259468	3081
2517055	1842
2517055	3088
347189	123
347189	859
347189	903
347189	1056
347189	1256
347189	1259
347189	1719
347189	1874
347189	2620
347189	2851
347189	2838
396696	906
396696	1059
396696	3094
396696	3287
396696	2850
396696	2851
396696	2852
396696	2853
417044	131
417044	199
417044	907
417044	1060
417044	1692
417044	1721
417044	3095
417044	3352
523465	885
523465	908
523465	1133
523465	1491
523465	1582
523465	3097
523465	2301
1856384	141
1856384	333
1856384	731
1856384	911
1856384	1062
1856384	1586
1856384	2461
1856384	3021
1856384	2463
1856384	2464
1856384	2465
4317360	912
4317360	2740
4317360	3100
522694	3448
522694	1052
522694	1053
522694	1054
522694	1055
522694	1056
522694	1057
522694	1058
522694	1059
522694	1060
522694	1061
522694	1062
522541	805
522541	1061
522541	2621
522541	3096
522541	3288
578250	135
578250	865
578250	2622
1653064	1261
1653064	1841
1653064	2167
1653064	2624
168262	28
168262	110
168262	249
168262	321
168262	848
168262	963
168262	983
168262	1010
168262	1040
168262	1054
168262	1838
168262	1943
168262	3093
168262	913
168262	914
168262	915
53286	554
53286	1333
53286	1412
53286	1994
53286	885
53286	886
53286	887
2382938	1094
2382938	1136
2382938	1347
2382938	1424
2382938	1533
2382938	1620
2382938	1896
2382938	2886
2382938	3345
2382938	3394
2382938	3400
804079	479
804079	2711
804079	3267
804079	3268
804079	3269
804079	3270
804079	3271
804079	3272
804079	3273
804330	1547
804330	2422
24337	175
24337	183
24337	376
24337	1551
625141	379
625141	1357
625141	2336
625141	3069
625141	3184
667870	380
667870	1526
667870	2660
12894019	385
12894019	1826
12894019	2003
804904	2424
804904	2425
804904	2426
804904	2427
804904	2428
804904	2429
804904	2430
804904	2431
804904	2432
3350974	3073
3350974	3344
3350974	2747
3350974	2748
3350974	2749
114591	1870
114591	2568
114591	3136
114591	3334
114591	3064
114591	3065
114591	3066
114591	3067
114591	3068
114591	3069
114591	3070
114591	3071
114591	3072
114591	3073
175652	1335
175652	2252
175652	2569
175652	2909
175652	3101
175652	3137
175652	3334
175652	3335
175652	3336
175652	3337
175652	3338
175652	3339
175652	3340
175652	3341
202447	2068
202447	2253
202447	3102
202447	3343
202447	3344
2782057	367
2782057	612
2782057	1287
2782057	1389
2782057	1730
2782057	3199
2782057	3226
2782057	2740
6845	2195
6845	3383
6845	880
6845	881
6845	882
6845	883
6845	884
522774	881
522774	1063
53805	108
53805	247
53805	961
53805	1009
53805	1716
53805	2335
53805	2425
53805	2567
53805	2747
53805	2838
53805	3064
53805	1355
53805	1357
53805	1358
53805	1359
53805	1360
666295	2907
761708	1746
761708	2653
761708	3210
802954	716
802954	1481
2198815	2222
1653128	730
1370513	1257
1370513	3279
1370513	803
1316967	1258
1316967	1259
1316967	1260
1316967	1261
1393006	2445
1237488	2291
353642	502
353642	595
353642	1100
353642	3514
353642	3127
353642	3128
353642	3129
353642	3130
353642	3131
353642	3132
353642	3133
353642	3134
353642	3135
365487	448
365487	503
365487	596
365487	615
365487	1154
365487	2596
365487	2605
365487	2617
668141	243
668141	349
668141	459
668141	601
668141	1108
668141	1131
668141	1161
668141	1917
668141	1936
668141	1991
668141	2056
668141	2872
668141	3133
668141	3443
781240	202
781240	244
781240	461
781240	511
781240	604
781240	619
781240	757
781240	1110
781240	1167
781240	1214
781240	1564
781240	1937
781240	1972
781240	2049
781240	2060
781240	2442
781240	2598
781240	2609
781240	2826
781240	2891
781240	2917
781240	2970
781240	2989
781240	3170
781240	3439
781240	3460
781240	3515
781240	613
781240	614
781240	615
781240	616
781240	617
781297	171
781297	226
781297	246
781297	351
781297	462
781297	605
781297	617
781297	953
781297	959
781297	1089
781297	1111
781297	1132
781297	1216
781297	1405
781297	1566
781297	1808
781297	1918
781297	1938
781297	1974
781297	1992
781297	2061
781297	2242
781297	2599
781297	2610
781297	2827
781297	2837
781297	2873
781297	3135
781297	3171
781297	3216
781297	3443
781297	2138
803881	610
803881	1116
803881	1171
803881	1219
803881	1978
803881	2065
803881	2990
803881	3173
316782	443
316782	499
316782	749
316782	1097
316782	2703
316782	2913
316782	3434
316782	2603
316782	2604
316782	2605
316782	2606
316782	2607
316782	2608
316782	2609
316782	2610
667610	1159
667610	1563
667610	2055
667610	3434
667610	3435
667610	3436
667610	3437
667610	3438
667610	3439
667610	3440
369592	169
369592	449
369592	504
369592	752
369592	1205
369592	1967
369592	2047
369592	2824
369592	1929
369592	1930
369592	1931
369592	1932
369592	1933
369592	1934
369592	1935
369592	1936
369592	1937
369592	1938
369592	1939
274292	158
274292	216
274292	235
274292	342
274292	436
274292	1398
274292	2595
274292	2834
274292	3212
274292	954
274292	955
274292	956
274292	957
274292	958
274292	959
578945	2328
578945	2329
578945	2330
578945	2331
578945	2332
1397	24
1397	106
1397	844
1397	1715
1397	12
1397	13
1397	14
1397	15
1397	16
1397	17
1397	18
1397	19
1397	20
1397	21
1397	22
139850	26
139850	109
139850	248
139850	320
139850	846
139850	962
139850	982
139850	1407
139850	1717
139850	3074
139850	3075
165882	27
165882	155
165882	847
165882	1039
165882	3299
165882	106
165882	107
165882	108
165882	109
165882	110
165882	111
165882	112
165882	113
165882	114
165882	115
165882	116
165882	117
165882	118
165882	119
165882	120
165882	121
165882	122
165882	123
165882	124
165882	125
165882	126
165882	127
165882	128
165882	129
165882	130
165882	131
165882	132
165882	133
165882	134
165882	135
165882	136
165882	137
165882	138
165882	139
165882	140
165882	141
165882	142
165882	143
213278	29
213278	111
213278	156
213278	177
213278	186
213278	215
213278	230
213278	322
213278	431
213278	952
213278	964
213278	1041
213278	1396
213278	1803
213278	2812
213278	3138
213278	3089
213278	3090
213278	3091
213278	3092
220401	30
220401	112
220401	250
220401	284
220401	771
220401	849
220401	1011
220401	1119
220401	944
220401	945
240599	32
240599	188
240599	232
240599	491
240599	743
240599	1461
261368	33
261368	114
261368	157
261368	189
261368	432
261368	851
261368	1200
261368	1963
261368	2044
261368	2702
261368	2822
261368	2910
261368	1393
261368	1394
261368	1395
261368	1396
261368	1397
261368	1398
261368	1399
261368	1400
261368	1401
261368	1402
261368	1403
261368	1404
261368	1405
261368	1406
264428	34
264428	115
264428	251
264428	324
264428	852
264428	965
264428	984
264428	1407
264428	1408
264428	1409
277470	35
277470	116
277470	252
277470	966
277470	1012
277470	1120
277470	1408
277470	3074
277470	2243
290629	36
290629	438
290629	495
290629	745
290629	1042
290629	1201
290629	1964
290629	2974
290629	150
290629	151
290629	152
290629	153
290629	154
290629	155
290629	156
290629	157
290629	158
290629	159
290629	160
290629	161
290629	162
290629	163
290629	164
290629	165
290629	166
290629	167
290629	168
290629	169
290629	170
290629	171
290629	172
290629	173
291283	37
291283	118
291283	253
291283	326
291283	854
291283	913
291283	967
291283	986
291283	1013
291283	1337
291283	1409
291283	1945
291283	2600
291283	3075
291283	1873
291283	1874
291283	1875
291283	1876
291283	1877
308795	15
308795	38
308795	119
308795	161
308795	192
308795	855
308795	3300
308795	960
308795	961
308795	962
308795	963
308795	964
308795	965
308795	966
308795	967
308795	968
308795	969
308795	970
308795	971
308795	972
308795	973
308795	974
308795	975
308795	976
308795	977
308795	978
309765	39
309765	497
309765	747
309765	2045
309765	2211
309765	3301
309765	182
309765	183
309765	184
309765	185
309765	186
309765	187
309765	188
309765	189
309765	190
309765	191
309765	192
309765	193
309765	194
309765	195
309765	196
309765	197
309765	198
309765	199
309765	200
309765	201
309765	202
311460	40
311460	120
311460	193
311460	327
311460	856
311460	968
311460	987
311460	1946
311460	3249
311460	2600
311460	2601
328176	16
328176	43
328176	121
328176	164
328176	194
328176	857
328176	969
328176	988
328176	3302
328176	2611
341138	17
341138	44
341138	122
341138	858
341138	970
341138	1044
341138	1947
341138	3250
341138	981
341138	982
341138	983
341138	984
341138	985
341138	986
341138	987
341138	988
341138	989
341138	990
341138	991
341138	992
379742	47
379742	197
379742	505
379742	753
379742	3304
379742	1460
379742	1461
379742	1462
380243	48
380243	126
380243	255
380243	329
380243	862
380243	972
380243	990
380243	1949
380243	1009
380243	1010
380243	1011
380243	1012
380243	1013
380243	1014
380243	1015
380243	1016
386505	49
386505	128
386505	198
386505	506
386505	991
386505	2048
386505	2299
386505	3252
386505	3459
386505	2289
388457	50
388457	129
388457	3305
388457	1943
388457	1944
388457	1945
388457	1946
388457	1947
388457	1948
388457	1949
388457	1950
422502	52
422502	132
422502	256
422502	330
422502	1832
422502	3389
422502	3390
422502	3391
522638	53
522638	133
522638	257
522638	331
522638	944
522638	975
522638	1015
522638	1121
522638	2243
667815	20
667815	55
667815	136
667815	259
667815	977
667815	1722
667815	1119
667815	1120
667815	1121
667815	1122
667815	1123
667815	1124
706522	56
706522	137
706522	260
706522	289
706522	772
706522	915
706522	978
706522	1016
2370942	57
2370942	173
2370942	1048
2370942	3307
2370942	844
2370942	845
2370942	846
2370942	847
2370942	848
2370942	849
2370942	850
2370942	851
2370942	852
2370942	853
2370942	854
2370942	855
2370942	856
2370942	857
2370942	858
2370942	859
2370942	860
2370942	861
2370942	862
2370942	863
2370942	864
2370942	865
2370942	866
2370942	867
12711121	2352
12711121	2382
667277	455
667277	1210
667277	2890
667277	2915
667277	3167
821052	1172
821052	2901
578592	1342
578592	1525
578592	3068
578592	3392
578592	2884
578592	2885
578592	2886
578442	170
578442	225
578442	1813
578442	1871
578442	2188
578442	3067
578442	3092
578442	3424
1606	150
1606	208
1606	428
1606	1037
1606	2042
1606	1798
1606	1799
1606	1800
1606	1801
1606	1802
1606	1803
1606	1804
1606	1805
1606	1806
1606	1807
1606	1808
1606	1809
3187	151
3187	209
3187	337
3187	429
3187	1095
3187	2701
3187	2821
3187	2908
8290	211
8290	430
8290	1952
8290	2043
8290	3114
261791	233
261791	285
261791	340
261791	433
261791	493
261791	613
261791	1087
261791	2865
261791	3118
261791	3128
264644	234
264644	341
264644	434
264644	1127
264644	1397
266708	178
266708	190
266708	435
266708	494
266708	744
266708	946
266708	1462
266708	2570
289865	13
289865	159
289865	217
289865	236
289865	437
289865	1869
289865	1870
289865	1871
289865	1872
307475	191
307475	439
307475	496
307475	746
307475	1014
307475	2427
307475	174
307475	175
307475	176
307475	177
307475	178
307475	179
307475	180
307475	181
321786	163
321786	179
321786	219
321786	444
321786	1805
321786	2813
323646	445
323646	500
323646	750
323646	1098
323646	2604
323646	2704
323646	2914
323646	3435
323646	2821
323646	2822
323646	2823
323646	2824
323646	2825
323646	2826
323646	2827
349181	167
349181	346
349181	446
349181	1099
349181	1204
349181	1401
349181	1932
349181	1966
349181	1988
349181	229
349181	230
349181	231
349181	232
349181	233
349181	234
349181	235
349181	236
349181	237
349181	238
349181	239
349181	240
349181	241
349181	242
349181	243
349181	244
349181	245
349181	246
413656	451
413656	1206
413656	1968
413656	337
413656	338
413656	339
413656	340
413656	341
413656	342
413656	343
413656	344
413656	345
413656	346
413656	347
413656	348
413656	349
413656	350
413656	351
522441	223
522441	347
522441	452
522441	508
522441	754
522441	1207
522441	1933
522441	1969
522441	2607
522441	1986
522441	1987
522441	1988
522441	1989
522441	1990
522441	1991
522441	1992
565627	239
565627	348
565627	453
565627	3131
565627	2865
565627	2866
565627	2867
565627	2868
565627	2869
565627	2870
565627	2871
565627	2872
565627	2873
667489	456
667489	510
667489	756
667489	2705
667489	2766
667489	2916
667489	3168
667489	2042
667489	2043
667489	2044
667489	2045
667489	2046
667489	2047
667489	2048
667489	2049
667489	2050
667489	2051
667873	241
667873	457
667873	1107
667873	1935
667873	1990
667873	1125
667873	1126
667873	1127
667873	1128
667873	1129
667873	1130
667873	1131
667873	1132
668073	181
668073	201
668073	242
668073	458
668073	957
668073	2790
668073	1551
668073	1552
668073	1553
668193	460
668193	1495
668193	1953
668193	2514
668193	2976
668193	3181
802543	553
802543	3164
667577	618
667577	1106
667577	1211
667577	2706
667577	2967
667577	3169
667577	2908
667577	2909
667577	2910
667577	2911
667577	2912
667577	2913
667577	2914
667577	2915
667577	2916
667577	2917
667577	2918
667577	2919
781294	245
781294	350
781294	616
781294	620
781294	958
781294	1088
781294	1215
781294	1404
781294	1973
781294	2138
781294	2241
781294	2836
781294	3134
781294	3215
868284	2192
868284	2193
868284	2194
776307	2701
776307	2702
776307	2703
776307	2704
776307	2705
776307	2706
776307	2707
776307	2708
54013	1494
54013	2973
54013	3180
54013	2514
788478	2973
788478	2974
788478	2975
788478	2976
1378844	1278
1378844	1279
1378844	1280
1378844	1281
1378844	1282
1378844	1283
1378844	1284
1378844	1285
1378844	1286
1378844	1287
1378844	1288
780793	357
780793	563
780793	833
780793	1191
780793	2103
780793	2106
780793	2644
780793	2716
780793	2962
357300	1858
357300	3161
357300	3221
787028	2026
885739	1833
885739	2142
885739	3389
1796031	140
1796031	867
1796031	1585
1796031	1829
1796031	1835
1796031	2143
1796031	2460
1796031	2464
1796031	2739
1796031	3020
1796031	3049
2378808	143
2378808	1837
2378808	2144
2378808	3051
2378808	3391
586510	393
578984	3162
162494	2528
162494	3233
162494	2237
3922494	3272
3922494	3421
3922494	3470
3922494	3519
3922494	3520
3922494	3521
696118	2095
696118	2096
237799	113
237799	850
237799	1336
237799	1579
237799	2254
237799	2426
237799	2567
237799	2568
237799	2569
237799	2570
237799	2571
237799	2572
237799	2573
237799	2574
237799	2575
237799	2576
237799	2577
579330	1134
579330	1344
579330	1492
579330	2301
579330	2573
579330	2658
1326629	3286
1326629	3287
1326629	3288
257987	339
257987	492
257987	1086
257987	1126
257987	2830
257987	950
257987	951
257987	952
257987	953
694496	491
694496	492
694496	493
694496	494
694496	495
694496	496
694496	497
694496	498
694496	499
694496	500
694496	501
694496	502
694496	503
694496	504
694496	505
694496	506
694496	507
694496	508
694496	509
694496	510
694496	511
694496	512
694496	513
331067	2240
331067	3213
331067	2833
331067	2834
331067	2835
331067	2836
331067	2837
346176	166
346176	220
346176	237
346176	345
346176	614
346176	954
346176	1400
346176	1806
346176	1987
346176	2867
346176	3129
346176	3114
346176	3115
346176	3116
346176	3117
346176	3118
346176	3119
742198	3211
742198	3212
742198	3213
742198	3214
742198	3215
742198	3216
695146	1148
781601	2397
155402	875
155402	1093
155402	2153
155402	2258
155402	2493
155402	2579
155402	2613
155402	3268
155402	3323
62185	1670
62185	2370
62185	2958
694958	1137
1240531	1828
1240531	1834
1240531	2738
1240531	3018
1240531	3019
1240531	3020
1240531	3021
1240531	3022
667477	3023
667477	2656
781286	3455
781286	3456
1265944	743
1265944	744
1265944	745
1265944	746
1265944	747
1265944	748
1265944	749
1265944	750
1265944	751
1265944	752
1265944	753
1265944	754
1265944	755
1265944	756
1265944	757
1265944	758
74288	154
74288	214
74288	950
74288	1083
74288	1394
74288	1802
74288	1812
74288	1914
74288	2617
74288	3091
74288	3323
74288	2517
190594	229
190594	338
190594	1084
190594	1125
190594	1916
190594	1929
190594	2346
190594	3117
190594	3320
227434	187
227434	231
227434	1085
227434	1460
227434	1552
227434	1920
227434	2789
227434	946
694415	1554
694415	1555
695102	3201
771179	775
771179	2102
771179	2685
771179	2733
771179	562
771179	563
771179	564
771179	565
771179	566
771179	567
1403402	1299
781058	834
781058	2104
781058	2674
781058	2962
781058	2963
1934993	3289
1301841	3509
1332517	3030
721322	2367
721322	2368
721322	2369
484701	2299
484701	2300
1795700	1583
1795700	3018
1795700	3158
1795700	2459
1795700	2460
1795700	2461
1795700	2462
1796008	1584
1796008	2459
1796008	2463
1796008	3019
1796008	3035
259984	2964
259984	3211
259984	2240
259984	2241
259984	2242
1344634	1270
1344634	1271
4573196	3463
773057	2956
773057	2101
773057	2102
773057	2103
773057	2104
501	2265
501	2578
501	2612
501	2752
501	3120
501	3519
501	875
501	876
501	877
501	878
14415033	878
14415033	2269
14415033	2582
14415033	2754
14415033	3121
14415033	3521
14415033	2493
14415033	2494
14415033	2495
729593	1745
729593	2731
729593	3209
729593	559
1653012	1747
1653012	2619
2168411	559
2168411	1748
27225	153
27225	212
27225	1800
27225	1869
27225	2810
27225	3089
27225	3115
27225	3127
27225	3246
27225	1811
27225	1812
27225	1813
51625	213
51625	1393
51625	1801
51625	1811
51625	2517
51625	2811
51625	3090
51625	3116
51625	3247
290240	160
290240	218
290240	1399
290240	1804
290240	2810
290240	2811
290240	2812
290240	2813
290240	2814
794418	172
794418	227
794418	1406
794418	1809
794418	1872
794418	2814
794418	3246
794418	3247
1406549	2050
1406549	2154
694942	2351
694942	2352
602747	2574
602747	2335
602747	2336
602747	2337
602747	2338
602747	2339
1247924	1360
1247924	2339
1247924	2577
1247924	3184
1247924	3442
1252563	2195
1252563	2196
1252563	2197
1252563	2198
499345	1491
499345	1492
499345	1493
791515	2151
791515	2152
2186894	2462
2186894	2465
2186894	3022
2186894	3035
2186894	3050
771952	3453
771952	2370
771952	2371
15308423	2496
15308423	2497
4418480	1323
4418480	1326
4418480	2732
4418480	3274
43429	2234
268540	286
268540	325
268540	985
268540	1258
268540	2850
268540	3352
344702	195
344702	287
344702	501
344702	751
344702	1919
344702	1920
1653038	22
1653038	139
1653038	879
1653038	945
1653038	1124
1653038	1723
1653038	1877
1653038	3031
1653038	3157
4442638	2490
257643	323
1345549	1715
1345549	1716
1345549	1717
1345549	1718
1345549	1719
1345549	1720
1345549	1721
1345549	1722
1345549	1723
19495	2349
1312188	1256
1312188	1257
1866	2266
1866	3267
4006	174
4006	182
4006	1799
4006	2424
4006	879
1867100	884
1867100	2198
399605	1886
399605	3383
399605	3384
729013	3209
729013	3210
486539	1481
1305137	3279
1380914	3514
1380914	3515
329222	165
329222	344
329222	1128
329222	1931
329222	1986
329222	2866
329222	1914
329222	1915
329222	1916
329222	1917
329222	1918
1358176	2442
289981	14
289981	117
289981	853
289981	1718
289981	1873
289981	2611
1343715	21
1343715	138
1343715	866
1343715	992
1343715	1123
1343715	1876
1343715	3031
2374559	142
2374559	1836
2374559	3390
2374559	2738
2374559	2739
1281145	771
1281145	772
98310	176
98310	184
98310	951
98310	1395
98310	1915
98310	2345
98310	3320
194204	185
194204	1919
194204	2789
194204	2790
667261	180
667261	200
667261	2871
667261	2345
667261	2346
1300437	2211
84625	1832
84625	1833
84625	1834
84625	1835
84625	1836
84625	1837
2841349	1553
578871	3180
578871	3181
803012	2918
1943607	832
1943607	833
1943607	834
1943607	835
776216	562
776216	776
776216	1246
776216	2443
776216	2686
776216	2715
776216	2106
505058	832
505058	2101
505058	2644
781298	1679
781298	2712
781298	2713
781298	2714
781298	2715
781298	2716
781298	2717
11166409	513
11166409	758
802609	877
802609	2495
802609	2581
802609	2616
802609	2153
329443	876
329443	2267
329443	2494
329443	2615
329443	2258
251479	2614
251479	2578
251479	2579
251479	2580
251479	2581
251479	2582
343261	2268
343261	2612
343261	2613
343261	2614
343261	2615
343261	2616
1253170	1670
1253170	1671
1277403	3023
1292059	565
1292059	1179
1292059	1249
1292059	2373
1292059	2675
1292059	2698
1292059	1234
1292059	1235
1292059	1236
1292059	1237
2733557	566
2733557	738
2733557	1254
2733557	2208
2733557	2466
2733557	2723
2733557	1764
11775251	567
11775251	820
11775251	1185
11775251	1737
11775251	2699
1289359	2734
1289359	774
1289359	775
1289359	776
1289359	777
773557	1678
773557	2685
773557	2686
773557	2687
1399217	2733
1399217	2734
697046	2674
697046	2675
697046	2676
697046	2677
463071	1270
773162	2956
773162	2957
345659	2580
345659	2265
345659	2266
345659	2267
345659	2268
345659	2269
1354572	2731
1354572	2732
771160	1671
771160	2371
771160	3512
712755	785
712755	2497
712755	3017
712755	3039
712755	3275
2412251	1323
4227766	1326
308079	1886
308079	1887
206633	3384
885385	835
885385	3029
1296449	1246
1296449	1247
1296449	1248
1296449	1249
1296449	1250
1296449	1251
1384690	2443
1267744	1677
1267744	1678
1267744	1679
772116	1677
772116	2712
772116	2683
772116	2684
772439	2683
772439	2713
772439	1175
772439	1176
772439	1177
772439	1178
772439	1179
772439	1180
772439	1181
774665	1175
774665	2684
774665	2714
774665	2372
774665	2373
774665	2374
774665	2375
1299056	1180
1299056	1235
1299056	1250
1299056	2374
1299056	2717
1299056	2210
1243177	777
1243177	1178
1243177	1234
1243177	1248
1243177	1269
1243177	1276
1243177	3028
1243177	3032
1243177	3501
1243177	3511
1243177	3516
1302891	793
1302891	1236
1302891	1251
1302891	2676
1302891	3522
1302891	3028
2853108	804
2853108	1237
2853108	2210
2853108	2375
2853108	2725
2853108	3033
774991	1182
774991	1731
774991	2199
774991	2698
774991	2699
1253523	732
1253523	733
1253523	734
1253523	735
1253523	736
1253523	737
1253523	738
1253523	739
1253523	740
1253523	741
1253523	742
1298854	1252
1298854	1253
1298854	1254
1298854	1255
5946498	740
5946498	782
5946498	1233
5946498	1255
5946498	1764
5946498	2467
5946498	3037
5946498	3294
1283751	2206
1283751	2207
1283751	2208
1283751	2209
1920427	2466
1920427	2467
864845	2723
1393794	815
1393794	816
1393794	817
1393794	818
1393794	819
1393794	820
775685	1732
775685	1182
775685	1183
775685	1184
775685	1185
1385420	1731
1385420	1732
1385420	1733
1385420	1734
1385420	1735
1385420	1736
1385420	1737
118400	774
821474	2687
3798214	1181
3798214	2677
773728	2957
1362002	3512
1341338	785
869244	3017
2068380	3039
870313	3275
774879	1887
1323060	3029
804385	1176
804385	1247
804385	2372
931001	1177
931001	2700
1334248	1269
1365800	1276
1379046	3032
1379046	3033
1276676	3501
1341412	3511
1381733	3516
1350909	792
1350909	793
1350909	794
1350909	795
1350909	796
6094487	3522
1391846	804
1308813	2725
1253236	2199
1253236	2200
1266974	732
1266974	869
1266974	1186
1266974	1272
1266974	1321
1266974	2220
1266974	2492
1266974	3517
1267179	733
1267179	792
1267179	870
1267179	1322
1267179	2468
2033906	734
2033906	1252
2033906	2206
2033906	3293
2033906	3502
2033906	3510
2033906	2468
2033906	2469
2054844	735
2054844	3503
2054844	3293
2054844	3294
2056856	736
2056856	780
2056856	815
2056856	1733
2056856	2213
2056856	2483
2056856	3038
2056857	737
2056857	781
2056857	794
2056857	871
2056857	1231
2056857	1253
2056857	2207
2056857	2727
2056857	1321
2056857	1322
4210568	739
4210568	872
4210568	889
4210568	1188
4210568	1274
4210568	1687
4210568	2221
4210568	2469
4210568	2750
4210568	3036
4210568	1770
6094592	741
6094592	783
6094592	795
6094592	816
6094592	1183
6094592	1232
6094592	1734
6094592	2209
6094592	2214
6094592	2484
6094618	742
6094618	796
6094618	818
6094618	873
6094618	1374
6094618	1735
6094618	2200
6094618	2485
1318915	778
1318915	779
1318915	780
1318915	781
1318915	782
1318915	783
1318915	784
1273661	1233
1928400	3036
1928400	3037
6094617	817
6094617	2735
6094617	3518
6094617	2491
10301196	784
10301196	819
10301196	1184
10301196	1736
10301196	2486
10301196	2491
10301196	3038
10301196	3292
775903	2700
2638575	869
2638575	870
2638575	871
2638575	872
2638575	873
777345	1186
777345	1187
777345	1188
777345	1189
1352925	1272
1352925	1273
1352925	1274
1352925	1275
1741431	2220
1741431	2221
6094659	2492
1917675	3517
1281968	3502
1281968	3503
1314737	3510
1304204	2212
1304204	2213
1304204	2214
2619385	2483
2619385	2484
2619385	2485
2619385	2486
824833	1231
824833	1232
1310545	2726
1310545	2727
91687	889
91687	890
1279054	779
1279054	2225
1279054	1686
1279054	1687
1279054	1688
5758136	890
5758136	1189
5758136	1275
5758136	1373
5758136	1688
5758136	1770
5758136	2751
4090701	773
4090701	1187
4090701	1273
4090701	1686
4090701	2750
4090701	2751
121823	3034
121823	1373
121823	1374
193812	778
193812	2212
193812	2726
1400043	2735
3849048	3518
1988758	3291
1988758	3292
3125782	2225
3125782	2226
1285606	773
1400313	2226
1400313	3291
1400313	3034
